"tick","Remaining Humans","Remaining Zombies"
1.0,1,150
2.0,2,150
3.0,3,150
4.0,3,150
5.0,4,150
6.0,4,150
7.0,4,150
8.0,5,150
9.0,6,150
10.0,6,150
11.0,7,150
12.0,7,150
13.0,8,150
14.0,8,150
15.0,9,150
16.0,10,150
17.0,10,150
18.0,11,150
19.0,12,150
20.0,12,150
21.0,13,150
22.0,13,150
23.0,14,150
24.0,14,150
25.0,15,150
26.0,15,150
27.0,15,150
28.0,16,150
29.0,17,150
30.0,17,150
31.0,17,150
32.0,18,150
33.0,18,150
34.0,19,150
35.0,20,150
36.0,20,150
37.0,21,150
38.0,21,150
39.0,22,150
40.0,23,150
41.0,23,150
42.0,24,150
43.0,24,150
44.0,25,150
45.0,26,150
46.0,26,150
47.0,27,150
48.0,27,150
49.0,27,150
50.0,28,150
51.0,28,150
52.0,29,150
53.0,29,150
54.0,30,150
55.0,30,150
56.0,31,150
57.0,31,150
58.0,32,150
59.0,32,150
60.0,33,150
61.0,34,150
62.0,35,150
63.0,35,150
64.0,36,150
65.0,37,150
66.0,38,150
67.0,38,150
68.0,38,150
69.0,38,150
70.0,39,150
71.0,39,150
72.0,39,150
73.0,40,150
74.0,40,150
75.0,40,150
76.0,40,150
77.0,40,150
78.0,40,150
79.0,40,150
80.0,40,150
81.0,40,150
82.0,40,150
83.0,40,150
84.0,40,150
85.0,41,150
86.0,41,150
87.0,41,150
88.0,41,150
89.0,41,150
90.0,41,150
91.0,41,150
92.0,41,150
93.0,41,150
94.0,41,150
95.0,41,150
96.0,41,150
97.0,41,150
98.0,41,150
99.0,41,150
100.0,41,150
101.0,41,150
102.0,41,150
103.0,41,150
104.0,41,150
105.0,41,150
106.0,41,150
107.0,41,150
108.0,41,150
109.0,42,150
110.0,42,150
111.0,42,150
112.0,42,150
113.0,42,150
114.0,42,150
115.0,42,150
116.0,42,150
117.0,42,150
118.0,42,150
119.0,42,150
120.0,42,150
121.0,42,150
122.0,42,150
123.0,42,150
124.0,42,150
125.0,42,150
126.0,42,150
127.0,42,150
128.0,42,150
129.0,42,150
130.0,42,150
131.0,43,150
132.0,43,150
133.0,43,150
134.0,43,150
135.0,43,150
136.0,43,150
137.0,43,150
138.0,43,150
139.0,43,150
140.0,43,150
141.0,43,150
142.0,43,150
143.0,43,150
144.0,43,150
145.0,43,150
146.0,43,150
147.0,43,150
148.0,43,150
149.0,43,150
150.0,44,150
151.0,44,150
152.0,45,150
153.0,46,150
154.0,46,150
155.0,46,150
156.0,46,150
157.0,47,150
158.0,47,150
159.0,48,150
160.0,49,150
161.0,49,150
162.0,49,150
163.0,49,150
164.0,49,150
165.0,49,150
166.0,49,150
167.0,49,150
168.0,49,150
169.0,49,150
170.0,49,150
171.0,49,150
172.0,49,150
173.0,49,150
174.0,49,150
175.0,49,150
176.0,49,150
177.0,49,150
178.0,50,150
179.0,50,150
180.0,50,150
181.0,50,150
182.0,50,150
183.0,50,150
184.0,50,150
185.0,50,150
186.0,50,150
187.0,50,150
188.0,50,150
189.0,50,150
190.0,50,150
191.0,50,150
192.0,50,150
193.0,50,150
194.0,50,150
195.0,50,150
196.0,50,150
197.0,50,150
198.0,50,150
199.0,51,150
200.0,51,150
201.0,51,150
202.0,51,150
203.0,51,150
204.0,51,150
205.0,51,150
206.0,51,150
207.0,51,150
208.0,51,150
209.0,51,150
210.0,51,150
211.0,51,150
212.0,51,150
213.0,51,150
214.0,51,150
215.0,51,150
216.0,51,150
217.0,51,150
218.0,51,150
219.0,51,150
220.0,51,150
221.0,51,150
222.0,51,150
223.0,52,150
224.0,52,150
225.0,52,150
226.0,52,150
227.0,52,150
228.0,52,150
229.0,52,150
230.0,52,150
231.0,52,150
232.0,52,150
233.0,52,150
234.0,52,150
235.0,52,150
236.0,52,150
237.0,52,150
238.0,52,150
239.0,52,150
240.0,53,150
241.0,53,150
242.0,53,150
243.0,53,150
244.0,53,150
245.0,53,150
246.0,53,150
247.0,53,150
248.0,53,150
249.0,53,150
250.0,53,150
251.0,53,150
252.0,53,150
253.0,53,150
254.0,53,150
255.0,53,150
256.0,53,150
257.0,53,150
258.0,53,150
259.0,53,150
260.0,53,150
261.0,53,150
262.0,53,150
263.0,54,150
264.0,54,150
265.0,54,150
266.0,55,150
267.0,56,150
268.0,57,150
269.0,57,150
270.0,57,150
271.0,58,150
272.0,59,150
273.0,59,150
274.0,59,150
275.0,59,150
276.0,59,150
277.0,59,150
278.0,59,150
279.0,59,150
280.0,59,150
281.0,59,150
282.0,59,150
283.0,59,150
284.0,59,150
285.0,60,150
286.0,60,150
287.0,60,150
288.0,60,150
289.0,60,150
290.0,60,150
291.0,60,150
292.0,60,150
293.0,60,150
294.0,60,150
295.0,60,150
296.0,60,150
297.0,60,150
298.0,60,150
299.0,60,150
300.0,60,150
301.0,60,150
302.0,60,150
303.0,60,150
304.0,60,150
305.0,60,150
306.0,60,150
307.0,60,150
308.0,60,150
309.0,60,150
310.0,61,150
311.0,61,150
312.0,61,150
313.0,61,150
314.0,61,150
315.0,61,150
316.0,61,150
317.0,61,150
318.0,61,150
319.0,61,150
320.0,61,150
321.0,61,150
322.0,61,150
323.0,61,150
324.0,61,150
325.0,61,150
326.0,61,150
327.0,61,150
328.0,61,150
329.0,62,150
330.0,62,150
331.0,62,150
332.0,62,150
333.0,62,150
334.0,62,150
335.0,62,150
336.0,62,150
337.0,62,150
338.0,62,150
339.0,62,150
340.0,62,150
341.0,62,150
342.0,62,150
343.0,62,150
344.0,62,150
345.0,62,150
346.0,62,150
347.0,62,150
348.0,62,150
349.0,62,150
350.0,62,150
351.0,62,150
352.0,62,150
353.0,62,150
354.0,62,150
355.0,62,150
356.0,62,150
357.0,63,150
358.0,63,150
359.0,63,150
360.0,63,150
361.0,63,150
362.0,63,150
363.0,63,150
364.0,63,150
365.0,63,150
366.0,63,150
367.0,63,150
368.0,63,150
369.0,63,150
370.0,63,150
371.0,63,150
372.0,63,150
373.0,63,150
374.0,63,150
375.0,63,150
376.0,63,150
377.0,63,150
378.0,63,150
379.0,64,150
380.0,65,150
381.0,65,150
382.0,66,150
383.0,66,150
384.0,67,150
385.0,67,150
386.0,67,150
387.0,68,150
388.0,69,150
389.0,69,150
390.0,69,150
391.0,69,150
392.0,69,150
393.0,69,150
394.0,69,150
395.0,69,150
396.0,69,150
397.0,69,150
398.0,69,150
399.0,69,150
400.0,70,150
401.0,70,150
402.0,70,150
403.0,70,150
404.0,70,150
405.0,70,150
406.0,70,150
407.0,70,150
408.0,70,150
409.0,70,150
410.0,70,150
411.0,70,150
412.0,70,150
413.0,70,150
414.0,70,150
415.0,70,150
416.0,70,150
417.0,70,150
418.0,70,150
419.0,70,150
420.0,70,150
421.0,70,150
422.0,70,150
423.0,71,150
424.0,71,150
425.0,71,150
426.0,71,150
427.0,71,150
428.0,71,150
429.0,71,150
430.0,71,150
431.0,71,150
432.0,71,150
433.0,71,150
434.0,71,150
435.0,71,150
436.0,71,150
437.0,71,150
438.0,71,150
439.0,71,150
440.0,71,150
441.0,71,150
442.0,71,150
443.0,71,150
444.0,71,150
445.0,72,150
446.0,72,150
447.0,72,150
448.0,72,150
449.0,72,150
450.0,72,150
451.0,72,150
452.0,72,150
453.0,72,150
454.0,72,150
455.0,72,150
456.0,72,150
457.0,72,150
458.0,72,150
459.0,72,150
460.0,72,150
461.0,72,150
462.0,72,150
463.0,72,150
464.0,72,150
465.0,72,150
466.0,72,150
467.0,73,150
468.0,73,150
469.0,73,150
470.0,73,150
471.0,73,150
472.0,73,150
473.0,73,150
474.0,73,150
475.0,73,150
476.0,73,150
477.0,73,150
478.0,73,150
479.0,73,150
480.0,73,150
481.0,73,150
482.0,73,150
483.0,73,150
484.0,73,150
485.0,73,150
486.0,73,150
487.0,73,150
488.0,73,150
489.0,74,150
490.0,75,150
491.0,75,150
492.0,75,150
493.0,76,150
494.0,76,150
495.0,77,150
496.0,78,150
497.0,78,150
498.0,79,150
499.0,79,150
500.0,79,150
501.0,79,150
502.0,79,150
503.0,79,150
504.0,79,150
505.0,79,150
506.0,79,150
507.0,79,150
508.0,79,150
509.0,79,150
510.0,79,150
511.0,79,150
512.0,79,150
513.0,79,150
514.0,80,150
515.0,80,150
516.0,80,150
517.0,80,150
518.0,80,150
519.0,80,150
520.0,80,150
521.0,80,150
522.0,80,150
523.0,80,150
524.0,80,150
525.0,80,150
526.0,80,150
527.0,80,150
528.0,80,150
529.0,80,150
530.0,80,150
531.0,80,150
532.0,81,150
533.0,81,150
534.0,81,150
535.0,81,150
536.0,81,150
537.0,81,150
538.0,81,150
539.0,81,150
540.0,81,150
541.0,81,150
542.0,81,150
543.0,81,150
544.0,81,150
545.0,81,150
546.0,81,150
547.0,81,150
548.0,81,150
549.0,81,150
550.0,81,150
551.0,81,150
552.0,81,150
553.0,81,150
554.0,81,150
555.0,81,150
556.0,81,150
557.0,81,150
558.0,82,150
559.0,82,150
560.0,82,150
561.0,82,150
562.0,82,150
563.0,82,150
564.0,82,150
565.0,82,150
566.0,82,150
567.0,82,150
568.0,82,150
569.0,82,150
570.0,82,150
571.0,82,150
572.0,82,150
573.0,82,150
574.0,82,150
575.0,82,150
576.0,82,150
577.0,82,150
578.0,82,150
579.0,83,150
580.0,83,150
581.0,83,150
582.0,83,150
583.0,83,150
584.0,83,150
585.0,83,150
586.0,83,150
587.0,83,150
588.0,83,150
589.0,83,150
590.0,83,150
591.0,83,150
592.0,83,150
593.0,83,150
594.0,83,150
595.0,83,150
596.0,83,150
597.0,83,150
598.0,83,150
599.0,83,150
600.0,83,150
601.0,84,150
602.0,85,150
603.0,86,150
604.0,86,150
605.0,86,150
606.0,86,150
607.0,87,150
608.0,88,150
609.0,88,150
610.0,89,150
611.0,89,150
612.0,89,150
613.0,89,150
614.0,89,150
615.0,89,150
616.0,89,150
617.0,89,150
618.0,89,150
619.0,89,150
620.0,89,150
621.0,89,150
622.0,89,150
623.0,89,150
624.0,89,150
625.0,89,150
626.0,89,150
627.0,90,150
628.0,90,150
629.0,90,150
630.0,90,150
631.0,90,150
632.0,90,150
633.0,90,150
634.0,90,150
635.0,90,150
636.0,90,150
637.0,90,150
638.0,90,150
639.0,90,150
640.0,90,150
641.0,90,150
642.0,90,150
643.0,90,150
644.0,90,150
645.0,90,150
646.0,90,150
647.0,91,150
648.0,91,150
649.0,91,150
650.0,91,150
651.0,91,150
652.0,91,150
653.0,91,150
654.0,91,150
655.0,91,150
656.0,91,150
657.0,91,150
658.0,91,150
659.0,91,150
660.0,91,150
661.0,91,150
662.0,91,150
663.0,91,150
664.0,91,150
665.0,91,150
666.0,91,150
667.0,91,150
668.0,91,150
669.0,91,150
670.0,92,150
671.0,92,150
672.0,92,150
673.0,92,150
674.0,92,150
675.0,92,150
676.0,92,150
677.0,92,150
678.0,92,150
679.0,92,150
680.0,92,150
681.0,92,150
682.0,92,150
683.0,92,150
684.0,92,150
685.0,92,150
686.0,92,150
687.0,92,150
688.0,92,150
689.0,92,150
690.0,92,150
691.0,92,150
692.0,93,150
693.0,93,150
694.0,93,150
695.0,93,150
696.0,93,150
697.0,93,150
698.0,93,150
699.0,93,150
700.0,93,150
701.0,93,150
702.0,93,150
703.0,93,150
704.0,93,150
705.0,93,150
706.0,93,150
707.0,93,150
708.0,93,150
709.0,93,150
710.0,93,150
711.0,93,150
712.0,93,150
713.0,93,150
714.0,93,150
715.0,93,150
716.0,94,150
717.0,94,150
718.0,95,150
719.0,95,150
720.0,96,150
721.0,97,150
722.0,97,150
723.0,97,150
724.0,98,150
725.0,99,150
726.0,99,150
727.0,99,150
728.0,99,150
729.0,99,150
730.0,99,150
731.0,99,150
732.0,99,150
733.0,99,150
734.0,99,150
735.0,99,150
736.0,99,150
737.0,100,150
738.0,100,150
739.0,100,150
740.0,100,150
741.0,100,150
742.0,100,150
743.0,100,150
744.0,100,150
745.0,100,150
746.0,100,150
747.0,100,150
748.0,100,150
749.0,100,150
750.0,100,150
751.0,100,150
752.0,100,150
753.0,100,150
754.0,100,150
755.0,100,150
756.0,100,150
757.0,100,150
758.0,101,150
759.0,101,150
760.0,101,150
761.0,101,150
762.0,101,150
763.0,101,150
764.0,101,150
765.0,101,150
766.0,101,150
767.0,101,150
768.0,101,150
769.0,101,150
770.0,101,150
771.0,101,150
772.0,101,150
773.0,101,150
774.0,101,150
775.0,101,150
776.0,101,150
777.0,101,150
778.0,101,150
779.0,101,150
780.0,101,150
781.0,101,150
782.0,101,150
783.0,102,150
784.0,102,150
785.0,102,150
786.0,102,150
787.0,102,150
788.0,102,150
789.0,102,150
790.0,102,150
791.0,102,150
792.0,102,150
793.0,102,150
794.0,102,150
795.0,102,150
796.0,102,150
797.0,102,150
798.0,102,150
799.0,102,150
800.0,102,150
801.0,102,150
802.0,102,150
803.0,102,150
804.0,102,150
805.0,102,150
806.0,102,150
807.0,103,150
808.0,103,150
809.0,103,150
810.0,103,150
811.0,103,150
812.0,103,150
813.0,103,150
814.0,103,150
815.0,103,150
816.0,103,150
817.0,103,150
818.0,103,150
819.0,103,150
820.0,103,150
821.0,103,150
822.0,103,150
823.0,103,150
824.0,103,150
825.0,103,150
826.0,103,150
827.0,103,150
828.0,103,150
829.0,104,150
830.0,105,150
831.0,105,150
832.0,106,150
833.0,106,150
834.0,107,150
835.0,107,150
836.0,107,150
837.0,108,150
838.0,108,150
839.0,108,150
840.0,108,150
841.0,108,150
842.0,108,150
843.0,108,150
844.0,108,150
845.0,108,150
846.0,108,150
847.0,108,150
848.0,108,150
849.0,108,150
850.0,108,150
851.0,108,150
852.0,108,150
853.0,108,150
854.0,109,150
855.0,109,150
856.0,110,150
857.0,110,150
858.0,110,150
859.0,110,150
860.0,110,150
861.0,110,150
862.0,110,150
863.0,110,150
864.0,110,150
865.0,110,150
866.0,110,150
867.0,110,150
868.0,110,150
869.0,110,150
870.0,110,150
871.0,110,150
872.0,110,150
873.0,110,150
874.0,111,150
875.0,111,150
876.0,111,150
877.0,111,150
878.0,111,150
879.0,111,150
880.0,111,150
881.0,111,150
882.0,111,150
883.0,111,150
884.0,111,150
885.0,111,150
886.0,111,150
887.0,111,150
888.0,111,150
889.0,111,150
890.0,111,150
891.0,111,150
892.0,111,150
893.0,111,150
894.0,111,150
895.0,111,150
896.0,112,150
897.0,112,150
898.0,112,150
899.0,112,150
900.0,112,150
901.0,112,150
902.0,112,150
903.0,112,150
904.0,112,150
905.0,112,150
906.0,112,150
907.0,112,150
908.0,112,150
909.0,112,150
910.0,112,150
911.0,112,150
912.0,112,150
913.0,112,150
914.0,112,150
915.0,112,150
916.0,112,150
917.0,112,150
918.0,112,150
919.0,112,150
920.0,113,150
921.0,113,150
922.0,113,150
923.0,113,150
924.0,113,150
925.0,113,150
926.0,113,150
927.0,113,150
928.0,113,150
929.0,113,150
930.0,113,150
931.0,113,150
932.0,113,150
933.0,113,150
934.0,113,150
935.0,113,150
936.0,113,150
937.0,113,150
938.0,113,150
939.0,113,150
940.0,113,150
941.0,113,150
942.0,113,150
943.0,114,150
944.0,114,150
945.0,115,150
946.0,116,150
947.0,116,150
948.0,117,150
949.0,118,150
950.0,118,150
951.0,118,150
952.0,118,150
953.0,118,150
954.0,118,150
955.0,118,150
956.0,118,150
957.0,118,150
958.0,118,150
959.0,118,150
960.0,118,150
961.0,118,150
962.0,118,150
963.0,118,150
964.0,118,150
965.0,118,150
966.0,118,150
967.0,118,150
968.0,118,150
969.0,118,150
970.0,119,150
971.0,119,150
972.0,120,150
973.0,120,150
974.0,120,150
975.0,120,150
976.0,120,150
977.0,120,150
978.0,120,150
979.0,120,150
980.0,120,150
981.0,120,150
982.0,120,150
983.0,120,150
984.0,120,150
985.0,120,150
986.0,121,150
987.0,121,150
988.0,121,150
989.0,121,150
990.0,121,150
991.0,121,150
992.0,121,150
993.0,121,150
994.0,121,150
995.0,121,150
996.0,121,150
997.0,121,150
998.0,121,150
999.0,121,150
1000.0,121,150
1001.0,121,150
1002.0,121,150
1003.0,121,150
1004.0,121,150
1005.0,121,150
1006.0,121,150
1007.0,121,150
1008.0,121,150
1009.0,122,150
1010.0,122,150
1011.0,122,150
1012.0,122,150
1013.0,122,150
1014.0,122,150
1015.0,122,150
1016.0,122,150
1017.0,122,150
1018.0,122,150
1019.0,122,150
1020.0,122,150
1021.0,122,150
1022.0,122,150
1023.0,122,150
1024.0,122,150
1025.0,122,150
1026.0,122,150
1027.0,122,150
1028.0,122,150
1029.0,122,150
1030.0,122,150
1031.0,122,150
1032.0,122,150
1033.0,123,150
1034.0,123,150
1035.0,123,150
1036.0,123,150
1037.0,123,150
1038.0,123,150
1039.0,123,150
1040.0,123,150
1041.0,123,150
1042.0,123,150
1043.0,123,150
1044.0,123,150
1045.0,123,150
1046.0,123,150
1047.0,123,150
1048.0,123,150
1049.0,123,150
1050.0,123,150
1051.0,123,150
1052.0,123,150
1053.0,124,150
1054.0,124,150
1055.0,124,150
1056.0,125,150
1057.0,126,150
1058.0,126,150
1059.0,127,150
1060.0,127,150
1061.0,128,150
1062.0,128,150
1063.0,128,150
1064.0,128,150
1065.0,128,150
1066.0,128,150
1067.0,128,150
1068.0,128,150
1069.0,128,150
1070.0,128,150
1071.0,128,150
1072.0,128,150
1073.0,128,150
1074.0,128,150
1075.0,128,150
1076.0,128,150
1077.0,128,150
1078.0,128,150
1079.0,128,150
1080.0,128,150
1081.0,129,150
1082.0,129,150
1083.0,130,150
1084.0,130,150
1085.0,130,150
1086.0,130,150
1087.0,130,150
1088.0,130,150
1089.0,130,150
1090.0,130,150
1091.0,130,150
1092.0,130,150
1093.0,130,150
1094.0,130,150
1095.0,130,150
1096.0,130,150
1097.0,130,150
1098.0,130,150
1099.0,130,150
1100.0,131,150
1101.0,131,150
1102.0,131,150
1103.0,131,150
1104.0,131,150
1105.0,131,150
1106.0,131,150
1107.0,131,150
1108.0,131,150
1109.0,131,150
1110.0,131,150
1111.0,131,150
1112.0,131,150
1113.0,131,150
1114.0,131,150
1115.0,131,150
1116.0,131,150
1117.0,131,150
1118.0,131,150
1119.0,131,150
1120.0,131,150
1121.0,131,150
1122.0,132,150
1123.0,132,150
1124.0,132,150
1125.0,132,150
1126.0,132,150
1127.0,132,150
1128.0,132,150
1129.0,132,150
1130.0,132,150
1131.0,132,150
1132.0,132,150
1133.0,132,150
1134.0,132,150
1135.0,132,150
1136.0,132,150
1137.0,132,150
1138.0,132,150
1139.0,132,150
1140.0,132,150
1141.0,132,150
1142.0,132,150
1143.0,132,150
1144.0,132,150
1145.0,133,150
1146.0,133,150
1147.0,133,150
1148.0,134,150
1149.0,134,150
1150.0,135,150
1151.0,135,150
1152.0,136,150
1153.0,136,150
1154.0,137,150
1155.0,137,150
1156.0,137,150
1157.0,137,150
1158.0,137,150
1159.0,137,150
1160.0,137,150
1161.0,137,150
1162.0,137,150
1163.0,137,150
1164.0,137,150
1165.0,137,150
1166.0,137,150
1167.0,137,150
1168.0,137,150
1169.0,137,150
1170.0,137,150
1171.0,137,150
1172.0,137,150
1173.0,137,150
1174.0,138,150
1175.0,138,150
1176.0,138,150
1177.0,138,150
1178.0,138,150
1179.0,138,150
1180.0,138,150
1181.0,138,150
1182.0,138,150
1183.0,138,150
1184.0,138,150
1185.0,138,150
1186.0,138,150
1187.0,138,150
1188.0,138,150
1189.0,138,150
1190.0,138,150
1191.0,138,150
1192.0,138,150
1193.0,138,150
1194.0,138,150
1195.0,138,150
1196.0,138,150
1197.0,138,150
1198.0,138,150
1199.0,138,150
1200.0,138,150
1201.0,138,150
1202.0,138,150
1203.0,138,150
1204.0,138,150
1205.0,138,150
1206.0,138,150
1207.0,138,150
1208.0,138,150
1209.0,138,150
1210.0,138,150
1211.0,138,150
1212.0,138,150
1213.0,138,150
1214.0,138,150
1215.0,138,150
1216.0,138,150
1217.0,138,150
1218.0,138,150
1219.0,138,150
1220.0,138,150
1221.0,139,150
1222.0,139,150
1223.0,139,150
1224.0,139,150
1225.0,139,150
1226.0,139,150
1227.0,139,150
1228.0,139,150
1229.0,139,150
1230.0,139,150
1231.0,139,150
1232.0,139,150
1233.0,139,150
1234.0,139,150
1235.0,139,150
1236.0,139,150
1237.0,139,150
1238.0,139,150
1239.0,139,150
1240.0,139,150
1241.0,139,150
1242.0,140,150
1243.0,140,150
1244.0,140,150
1245.0,140,150
1246.0,140,150
1247.0,140,150
1248.0,140,150
1249.0,140,150
1250.0,140,150
1251.0,140,150
1252.0,140,150
1253.0,140,150
1254.0,140,150
1255.0,140,150
1256.0,140,150
1257.0,140,150
1258.0,140,150
1259.0,140,150
1260.0,140,150
1261.0,140,150
1262.0,140,150
1263.0,140,150
1264.0,140,150
1265.0,140,150
1266.0,140,150
1267.0,140,150
1268.0,140,150
1269.0,140,150
1270.0,140,150
1271.0,140,150
1272.0,140,150
1273.0,140,150
1274.0,140,150
1275.0,140,150
1276.0,140,150
1277.0,140,150
1278.0,140,150
1279.0,140,150
1280.0,140,150
1281.0,140,150
1282.0,140,150
1283.0,140,150
1284.0,140,150
1285.0,140,150
1286.0,140,150
1287.0,140,150
1288.0,140,150
1289.0,141,150
1290.0,141,150
1291.0,141,150
1292.0,141,150
1293.0,141,150
1294.0,141,150
1295.0,141,150
1296.0,141,150
1297.0,141,150
1298.0,141,150
1299.0,141,150
1300.0,141,150
1301.0,141,150
1302.0,141,150
1303.0,141,150
1304.0,141,150
1305.0,141,150
1306.0,141,150
1307.0,141,150
1308.0,141,150
1309.0,141,150
1310.0,141,150
1311.0,141,150
1312.0,141,150
1313.0,142,150
1314.0,142,150
1315.0,142,150
1316.0,142,150
1317.0,142,150
1318.0,142,150
1319.0,142,150
1320.0,142,150
1321.0,142,150
1322.0,142,150
1323.0,142,150
1324.0,142,150
1325.0,142,150
1326.0,142,150
1327.0,142,150
1328.0,142,150
1329.0,142,150
1330.0,142,150
1331.0,142,150
1332.0,142,150
1333.0,142,150
1334.0,142,150
1335.0,143,150
1336.0,143,150
1337.0,143,150
1338.0,143,150
1339.0,143,150
1340.0,143,150
1341.0,143,150
1342.0,143,150
1343.0,143,150
1344.0,143,150
1345.0,143,150
1346.0,143,150
1347.0,143,150
1348.0,143,150
1349.0,143,150
1350.0,143,150
1351.0,143,150
1352.0,143,150
1353.0,143,150
1354.0,143,150
1355.0,143,150
1356.0,143,150
1357.0,143,150
1358.0,144,150
1359.0,144,150
1360.0,145,150
1361.0,145,150
1362.0,146,150
1363.0,147,150
1364.0,147,150
1365.0,148,150
1366.0,148,150
1367.0,148,150
1368.0,149,150
1369.0,149,150
1370.0,149,150
1371.0,149,150
1372.0,149,150
1373.0,149,150
1374.0,149,150
1375.0,149,150
1376.0,149,150
1377.0,149,150
1378.0,149,150
1379.0,149,150
1380.0,150,150
1381.0,150,150
1382.0,150,150
1383.0,150,150
1384.0,150,150
1385.0,150,150
1386.0,150,150
1387.0,150,150
1388.0,150,150
1389.0,150,150
1390.0,150,150
1391.0,150,150
1392.0,150,150
1393.0,150,150
1394.0,150,150
1395.0,150,150
1396.0,150,150
1397.0,150,150
1398.0,150,150
1399.0,150,150
1400.0,150,150
1401.0,150,150
1402.0,150,150
1403.0,150,150
1404.0,150,150
1405.0,150,150
1406.0,150,150
1407.0,150,150
1408.0,150,150
1409.0,150,150
1410.0,150,150
1411.0,150,150
1412.0,150,150
1413.0,150,150
1414.0,150,150
1415.0,150,150
1416.0,150,150
1417.0,150,150
1418.0,150,150
1419.0,150,150
1420.0,150,150
1421.0,150,150
1422.0,150,150
1423.0,150,150
1424.0,150,150
1425.0,150,150
1426.0,150,150
1427.0,150,150
1428.0,150,150
1429.0,150,150
1430.0,150,150
1431.0,150,150
1432.0,150,150
1433.0,150,150
1434.0,150,150
1435.0,150,150
1436.0,150,150
1437.0,150,150
1438.0,150,150
1439.0,150,150
1440.0,150,150
1441.0,150,150
1442.0,150,150
1443.0,150,150
1444.0,150,150
1445.0,150,150
1446.0,150,150
1447.0,150,150
1448.0,150,150
1449.0,150,150
1450.0,150,150
1451.0,150,150
1452.0,150,150
1453.0,150,150
1454.0,150,150
1455.0,150,150
1456.0,150,150
1457.0,150,150
1458.0,150,150
1459.0,150,150
1460.0,150,150
1461.0,150,150
1462.0,150,150
1463.0,150,150
1464.0,150,150
1465.0,150,150
1466.0,150,150
1467.0,150,150
1468.0,150,150
1469.0,150,150
1470.0,150,150
1471.0,150,150
1472.0,150,150
1473.0,150,150
1474.0,150,150
1475.0,150,150
1476.0,150,150
1477.0,150,150
1478.0,150,150
1479.0,150,150
1480.0,150,150
1481.0,150,150
1482.0,150,150
1483.0,150,150
1484.0,150,150
1485.0,150,150
1486.0,150,150
1487.0,150,150
1488.0,150,150
1489.0,150,150
1490.0,150,150
1491.0,150,150
1492.0,150,150
1493.0,150,150
1494.0,150,150
1495.0,150,150
1496.0,150,150
1497.0,150,150
1498.0,150,150
1499.0,150,150
1500.0,150,150
1501.0,150,150
1502.0,150,150
1503.0,150,150
1504.0,150,150
1505.0,150,150
1506.0,150,150
1507.0,150,150
1508.0,150,150
1509.0,150,150
1510.0,150,150
1511.0,150,150
1512.0,150,150
1513.0,150,150
1514.0,150,150
1515.0,150,150
1516.0,150,150
1517.0,150,150
1518.0,150,150
1519.0,150,150
1520.0,150,150
1521.0,150,150
1522.0,150,150
1523.0,150,150
1524.0,150,150
1525.0,150,150
1526.0,150,150
1527.0,150,150
1528.0,150,150
1529.0,150,150
1530.0,150,150
1531.0,150,150
1532.0,150,150
1533.0,150,150
1534.0,150,150
1535.0,150,150
1536.0,150,150
1537.0,150,150
1538.0,150,150
1539.0,150,150
1540.0,150,150
1541.0,150,150
1542.0,150,150
1543.0,150,150
1544.0,150,150
1545.0,150,150
1546.0,150,150
1547.0,150,150
1548.0,150,150
1549.0,150,150
1550.0,150,150
1551.0,150,150
1552.0,150,150
1553.0,150,150
1554.0,150,150
1555.0,150,150
1556.0,150,150
1557.0,150,150
1558.0,150,150
1559.0,150,150
1560.0,150,150
1561.0,150,150
1562.0,150,150
1563.0,150,150
1564.0,150,150
1565.0,150,150
1566.0,150,150
1567.0,150,150
1568.0,150,150
1569.0,150,150
1570.0,150,150
1571.0,150,150
1572.0,150,150
1573.0,150,150
1574.0,150,150
1575.0,150,150
1576.0,150,150
1577.0,150,150
1578.0,150,150
1579.0,150,150
1580.0,150,150
1581.0,150,150
1582.0,150,150
1583.0,150,150
1584.0,150,150
1585.0,150,150
1586.0,150,150
1587.0,150,150
1588.0,150,150
1589.0,150,150
1590.0,150,150
1591.0,150,150
1592.0,150,150
1593.0,150,150
1594.0,150,150
1595.0,150,150
1596.0,150,150
1597.0,150,150
1598.0,150,150
1599.0,150,150
1600.0,150,150
1601.0,150,150
1602.0,150,150
1603.0,150,150
1604.0,150,150
1605.0,150,150
1606.0,150,150
1607.0,150,150
1608.0,150,150
1609.0,150,150
1610.0,150,150
1611.0,150,150
1612.0,150,150
1613.0,150,150
1614.0,150,150
1615.0,150,150
1616.0,150,150
1617.0,150,150
1618.0,150,150
1619.0,150,150
1620.0,150,150
1621.0,150,150
1622.0,150,150
1623.0,150,150
1624.0,150,150
1625.0,150,150
1626.0,150,150
1627.0,150,150
1628.0,150,150
1629.0,150,150
1630.0,150,150
1631.0,150,150
1632.0,150,150
1633.0,150,150
1634.0,150,150
1635.0,150,150
1636.0,150,150
1637.0,150,150
1638.0,150,150
1639.0,150,150
1640.0,150,150
1641.0,150,150
1642.0,150,150
1643.0,150,150
1644.0,150,150
1645.0,150,150
1646.0,150,150
1647.0,150,150
1648.0,150,150
1649.0,150,150
1650.0,150,150
1651.0,150,150
1652.0,150,150
1653.0,150,150
1654.0,150,150
1655.0,150,150
1656.0,150,150
1657.0,150,150
1658.0,150,150
1659.0,150,150
1660.0,150,150
1661.0,150,150
1662.0,150,150
1663.0,150,150
1664.0,150,150
1665.0,150,150
1666.0,150,150
1667.0,150,150
1668.0,150,150
1669.0,150,150
1670.0,150,150
1671.0,150,150
1672.0,150,150
1673.0,150,150
1674.0,150,150
1675.0,150,150
1676.0,150,150
1677.0,150,150
1678.0,150,150
1679.0,150,150
1680.0,150,150
1681.0,150,150
1682.0,150,150
1683.0,150,150
1684.0,150,150
1685.0,150,150
1686.0,150,150
1687.0,150,150
1688.0,150,150
1689.0,150,150
1690.0,150,150
1691.0,150,150
1692.0,150,150
1693.0,150,150
1694.0,150,150
1695.0,150,150
1696.0,150,150
1697.0,150,150
1698.0,150,150
1699.0,150,150
1700.0,150,150
1701.0,150,150
1702.0,150,150
1703.0,150,150
1704.0,150,150
1705.0,150,150
1706.0,150,150
1707.0,150,150
1708.0,150,150
1709.0,150,150
1710.0,150,150
1711.0,150,150
1712.0,150,150
1713.0,150,150
1714.0,150,150
1715.0,150,150
1716.0,150,150
1717.0,150,150
1718.0,150,150
1719.0,150,150
1720.0,150,150
1721.0,150,150
1722.0,150,150
1723.0,150,150
1724.0,150,150
1725.0,150,150
1726.0,150,150
1727.0,150,150
1728.0,150,150
1729.0,150,150
1730.0,150,150
1731.0,150,150
1732.0,150,150
1733.0,150,150
1734.0,150,150
1735.0,150,150
1736.0,150,150
1737.0,150,150
1738.0,150,150
1739.0,150,150
1740.0,150,150
1741.0,150,150
1742.0,150,150
1743.0,150,150
1744.0,150,150
1745.0,150,150
1746.0,150,150
1747.0,150,150
1748.0,150,150
1749.0,150,150
1750.0,150,150
1751.0,150,150
1752.0,150,150
1753.0,150,150
1754.0,150,150
1755.0,150,150
1756.0,150,150
1757.0,150,150
1758.0,150,150
1759.0,150,150
1760.0,150,150
1761.0,150,150
1762.0,150,150
1763.0,150,150
1764.0,150,150
1765.0,150,150
1766.0,150,150
1767.0,150,150
1768.0,150,150
1769.0,150,150
1770.0,150,150
1771.0,150,150
1772.0,150,150
1773.0,150,150
1774.0,150,150
1775.0,150,150
1776.0,150,150
1777.0,150,150
1778.0,150,150
1779.0,150,150
1780.0,150,150
1781.0,150,150
1782.0,150,150
1783.0,150,150
1784.0,150,150
1785.0,150,150
1786.0,150,150
1787.0,150,150
1788.0,150,150
1789.0,150,150
1790.0,150,150
1791.0,150,150
1792.0,150,150
1793.0,150,150
1794.0,150,150
1795.0,150,150
1796.0,150,150
1797.0,150,150
1798.0,150,150
1799.0,150,150
1800.0,150,150
1801.0,150,150
1802.0,150,150
1803.0,150,150
1804.0,150,150
1805.0,150,150
1806.0,150,150
1807.0,150,150
