"tick","Remaining Humans","Remaining Zombies"
1.0,50,5
2.0,50,5
3.0,50,5
4.0,50,5
5.0,49,6
6.0,47,8
7.0,47,8
8.0,47,8
9.0,47,8
10.0,47,8
11.0,46,9
12.0,44,11
13.0,44,11
14.0,44,11
15.0,44,11
16.0,44,11
17.0,44,11
18.0,43,12
19.0,42,13
20.0,42,13
21.0,42,13
22.0,42,13
23.0,42,13
24.0,42,13
25.0,41,14
26.0,41,14
27.0,41,14
28.0,41,14
29.0,41,14
30.0,41,14
31.0,41,14
32.0,41,14
33.0,40,15
34.0,40,15
35.0,40,15
36.0,40,15
37.0,40,15
38.0,40,15
39.0,40,15
40.0,40,15
41.0,40,15
42.0,40,15
43.0,40,15
44.0,39,16
45.0,39,16
46.0,38,17
47.0,37,18
48.0,35,20
49.0,34,21
50.0,34,21
51.0,34,21
52.0,33,22
53.0,32,23
54.0,32,23
55.0,31,24
56.0,31,24
57.0,31,24
58.0,31,24
59.0,31,24
60.0,31,24
61.0,31,24
62.0,31,24
63.0,30,25
64.0,30,25
65.0,30,25
66.0,30,25
67.0,30,25
68.0,30,25
69.0,30,25
70.0,30,25
71.0,30,25
72.0,29,26
73.0,29,26
74.0,29,26
75.0,29,26
76.0,29,26
77.0,29,26
78.0,29,26
79.0,28,27
80.0,27,28
81.0,27,28
82.0,27,28
83.0,27,28
84.0,26,29
85.0,26,29
86.0,26,29
87.0,26,29
88.0,25,30
89.0,25,30
90.0,25,30
91.0,25,30
92.0,23,32
93.0,23,32
94.0,22,33
95.0,22,33
96.0,22,33
97.0,22,33
98.0,22,33
99.0,22,33
100.0,21,34
101.0,20,35
102.0,19,36
103.0,19,36
104.0,17,38
105.0,17,38
106.0,17,38
107.0,17,38
108.0,17,38
109.0,17,38
110.0,17,38
111.0,16,39
112.0,16,39
113.0,16,39
114.0,15,40
115.0,15,40
116.0,15,40
117.0,14,41
118.0,14,41
119.0,14,41
120.0,14,41
121.0,13,42
122.0,11,44
123.0,11,44
