"tick","Remaining Humans","Remaining Zombies"
1.0,1,150
2.0,2,150
3.0,2,150
4.0,3,150
5.0,3,150
6.0,4,150
7.0,4,150
8.0,5,150
9.0,5,150
10.0,6,150
11.0,7,150
12.0,7,150
13.0,8,150
14.0,8,150
15.0,9,150
16.0,9,150
17.0,10,150
18.0,11,150
19.0,12,150
20.0,12,150
21.0,12,150
22.0,13,150
23.0,13,150
24.0,14,150
25.0,14,150
26.0,15,150
27.0,15,150
28.0,16,150
29.0,16,150
30.0,17,150
31.0,17,150
32.0,18,150
33.0,18,150
34.0,19,150
35.0,19,150
36.0,19,150
37.0,20,150
38.0,20,150
39.0,21,150
40.0,21,150
41.0,22,150
42.0,23,150
43.0,23,150
44.0,23,150
45.0,24,150
46.0,24,150
47.0,25,150
48.0,26,150
49.0,27,150
50.0,27,150
51.0,27,150
52.0,28,150
53.0,28,150
54.0,29,150
55.0,29,150
56.0,30,150
57.0,30,150
58.0,30,150
59.0,31,150
60.0,32,150
61.0,33,150
62.0,33,150
63.0,33,150
64.0,34,150
65.0,35,150
66.0,35,150
67.0,35,150
68.0,36,150
69.0,37,150
70.0,37,150
71.0,37,150
72.0,38,150
73.0,39,150
74.0,39,150
75.0,40,150
76.0,41,150
77.0,41,150
78.0,42,150
79.0,42,150
80.0,43,150
81.0,44,150
82.0,45,150
83.0,45,150
84.0,46,150
85.0,46,150
86.0,46,150
87.0,47,150
88.0,47,150
89.0,48,150
90.0,48,150
91.0,49,150
92.0,50,150
93.0,50,150
94.0,50,150
95.0,51,150
96.0,52,150
97.0,52,150
98.0,53,150
99.0,54,150
100.0,54,150
101.0,55,150
102.0,55,150
103.0,56,150
104.0,57,150
105.0,57,150
106.0,58,150
107.0,58,150
108.0,59,150
109.0,59,150
110.0,59,150
111.0,60,150
112.0,60,150
113.0,61,150
114.0,61,150
115.0,62,150
116.0,63,150
117.0,64,150
118.0,64,150
119.0,65,150
120.0,65,150
121.0,66,150
122.0,66,150
123.0,67,150
124.0,68,150
125.0,68,150
126.0,68,150
127.0,69,150
128.0,69,150
129.0,70,150
130.0,71,150
131.0,71,150
132.0,72,150
133.0,73,150
134.0,73,150
135.0,73,150
136.0,74,150
137.0,74,150
138.0,75,150
139.0,76,150
140.0,76,150
141.0,76,150
142.0,77,150
143.0,78,150
144.0,79,150
145.0,79,150
146.0,79,150
147.0,79,150
148.0,80,150
149.0,81,150
150.0,81,150
151.0,82,150
152.0,82,150
153.0,82,150
154.0,83,150
155.0,83,150
156.0,84,150
157.0,84,150
158.0,85,150
159.0,86,150
160.0,86,150
161.0,87,150
162.0,87,150
163.0,88,150
164.0,89,150
165.0,89,150
166.0,89,150
167.0,89,150
168.0,89,150
169.0,89,150
170.0,89,150
171.0,89,150
172.0,89,150
173.0,89,150
174.0,89,150
175.0,89,150
176.0,89,150
177.0,89,150
178.0,89,150
179.0,89,150
180.0,89,150
181.0,89,150
182.0,89,150
183.0,89,150
184.0,89,150
185.0,89,150
186.0,89,150
187.0,89,150
188.0,89,150
189.0,89,150
190.0,89,150
191.0,89,150
192.0,89,150
193.0,89,150
194.0,89,150
195.0,89,150
196.0,89,150
197.0,89,150
198.0,89,150
199.0,89,150
200.0,89,150
201.0,89,150
202.0,89,150
203.0,89,150
204.0,89,150
205.0,89,150
206.0,89,150
207.0,89,150
208.0,89,150
209.0,89,150
210.0,89,150
211.0,89,150
212.0,89,150
213.0,89,150
214.0,89,150
215.0,89,150
216.0,89,150
217.0,89,150
218.0,89,150
219.0,89,150
220.0,89,150
221.0,89,150
222.0,89,150
223.0,89,150
224.0,89,150
225.0,89,150
226.0,89,150
227.0,89,150
228.0,89,150
229.0,89,150
230.0,89,150
231.0,89,150
232.0,89,150
233.0,89,150
234.0,89,150
235.0,89,150
236.0,89,150
237.0,89,150
238.0,89,150
239.0,89,150
240.0,89,150
241.0,89,150
242.0,89,150
243.0,89,150
244.0,89,150
245.0,89,150
246.0,89,150
247.0,89,150
248.0,89,150
249.0,89,150
250.0,89,150
251.0,89,150
252.0,89,150
253.0,89,150
254.0,89,150
255.0,89,150
256.0,89,150
257.0,89,150
258.0,89,150
259.0,89,150
260.0,89,150
261.0,89,150
262.0,89,150
263.0,89,150
264.0,89,150
265.0,89,150
266.0,89,150
267.0,89,150
268.0,89,150
269.0,89,150
270.0,89,150
271.0,89,150
272.0,89,150
273.0,89,150
274.0,89,150
275.0,89,150
276.0,89,150
277.0,89,150
278.0,89,150
279.0,89,150
280.0,89,150
281.0,89,150
282.0,89,150
283.0,89,150
284.0,89,150
285.0,89,150
286.0,89,150
287.0,89,150
288.0,89,150
289.0,89,150
290.0,89,150
291.0,89,150
292.0,89,150
293.0,89,150
294.0,89,150
295.0,89,150
296.0,89,150
297.0,89,150
298.0,89,150
299.0,89,150
300.0,89,150
301.0,89,150
302.0,89,150
303.0,89,150
304.0,89,150
305.0,89,150
306.0,89,150
307.0,89,150
308.0,89,150
309.0,89,150
310.0,89,150
311.0,89,150
312.0,89,150
313.0,89,150
314.0,89,150
315.0,89,150
316.0,89,150
317.0,89,150
318.0,89,150
319.0,89,150
320.0,89,150
321.0,89,150
322.0,89,150
323.0,89,150
324.0,89,150
325.0,89,150
326.0,89,150
327.0,89,150
328.0,89,150
329.0,89,150
330.0,89,150
331.0,89,150
332.0,89,150
333.0,89,150
334.0,89,150
335.0,89,150
336.0,89,150
337.0,89,150
338.0,89,150
339.0,89,150
340.0,89,150
341.0,89,150
342.0,89,150
343.0,89,150
344.0,89,150
345.0,89,150
346.0,89,150
347.0,89,150
348.0,89,150
349.0,89,150
350.0,89,150
351.0,89,150
352.0,89,150
353.0,89,150
354.0,89,150
355.0,89,150
356.0,89,150
357.0,89,150
358.0,89,150
359.0,89,150
360.0,89,150
361.0,89,150
362.0,89,150
363.0,89,150
364.0,89,150
365.0,89,150
366.0,89,150
367.0,89,150
368.0,89,150
369.0,89,150
370.0,89,150
371.0,89,150
372.0,89,150
373.0,89,150
374.0,89,150
375.0,89,150
376.0,89,150
377.0,89,150
378.0,89,150
379.0,89,150
380.0,89,150
381.0,89,150
382.0,89,150
383.0,89,150
384.0,89,150
385.0,89,150
386.0,89,150
387.0,89,150
388.0,89,150
389.0,89,150
390.0,89,150
391.0,89,150
392.0,89,150
393.0,89,150
394.0,89,150
395.0,89,150
396.0,89,150
397.0,89,150
398.0,89,150
399.0,89,150
400.0,89,150
401.0,89,150
402.0,89,150
403.0,89,150
404.0,89,150
405.0,89,150
406.0,89,150
407.0,89,150
408.0,89,150
409.0,89,150
410.0,89,150
411.0,89,150
412.0,89,150
413.0,89,150
414.0,89,150
415.0,89,150
416.0,89,150
417.0,89,150
418.0,89,150
419.0,89,150
420.0,89,150
421.0,89,150
422.0,89,150
423.0,89,150
424.0,89,150
425.0,89,150
426.0,89,150
427.0,89,150
428.0,89,150
429.0,89,150
430.0,89,150
431.0,89,150
432.0,89,150
433.0,89,150
434.0,89,150
435.0,89,150
436.0,89,150
437.0,89,150
438.0,89,150
439.0,89,150
440.0,89,150
441.0,89,150
442.0,89,150
443.0,89,150
444.0,89,150
445.0,89,150
446.0,89,150
447.0,89,150
448.0,89,150
449.0,89,150
450.0,89,150
451.0,89,150
452.0,89,150
453.0,89,150
454.0,89,150
455.0,89,150
456.0,89,150
457.0,89,150
458.0,89,150
459.0,89,150
460.0,89,150
461.0,89,150
462.0,89,150
463.0,89,150
464.0,89,150
465.0,89,150
466.0,89,150
467.0,89,150
468.0,89,150
469.0,89,150
470.0,89,150
471.0,89,150
472.0,89,150
473.0,89,150
474.0,89,150
475.0,89,150
476.0,89,150
477.0,89,150
478.0,89,150
479.0,89,150
480.0,89,150
481.0,89,150
482.0,89,150
483.0,89,150
484.0,89,150
485.0,89,150
486.0,89,150
487.0,89,150
488.0,89,150
489.0,89,150
490.0,89,150
491.0,89,150
492.0,89,150
493.0,89,150
494.0,89,150
495.0,89,150
496.0,89,150
497.0,89,150
498.0,89,150
499.0,89,150
500.0,89,150
501.0,89,150
502.0,89,150
503.0,89,150
504.0,89,150
505.0,89,150
506.0,89,150
507.0,89,150
508.0,89,150
509.0,89,150
510.0,89,150
511.0,89,150
512.0,89,150
513.0,89,150
514.0,89,150
515.0,89,150
516.0,89,150
517.0,89,150
518.0,89,150
519.0,89,150
520.0,89,150
521.0,89,150
522.0,89,150
523.0,89,150
524.0,89,150
525.0,89,150
526.0,89,150
527.0,89,150
528.0,89,150
529.0,89,150
530.0,89,150
531.0,89,150
532.0,89,150
533.0,89,150
534.0,89,150
535.0,89,150
536.0,89,150
537.0,89,150
538.0,89,150
539.0,89,150
540.0,89,150
541.0,89,150
542.0,89,150
543.0,89,150
544.0,89,150
545.0,89,150
546.0,89,150
547.0,89,150
548.0,89,150
549.0,89,150
550.0,89,150
551.0,89,150
552.0,89,150
553.0,89,150
554.0,89,150
555.0,89,150
556.0,89,150
557.0,89,150
558.0,89,150
559.0,89,150
560.0,89,150
561.0,89,150
562.0,89,150
563.0,89,150
564.0,89,150
565.0,89,150
566.0,89,150
567.0,89,150
568.0,89,150
569.0,89,150
570.0,89,150
571.0,89,150
572.0,89,150
573.0,89,150
574.0,89,150
575.0,89,150
576.0,89,150
577.0,89,150
578.0,89,150
579.0,89,150
580.0,89,150
581.0,89,150
582.0,89,150
583.0,89,150
584.0,89,150
585.0,89,150
586.0,89,150
587.0,89,150
588.0,89,150
589.0,89,150
590.0,89,150
591.0,89,150
592.0,89,150
593.0,89,150
594.0,89,150
595.0,89,150
596.0,89,150
597.0,89,150
598.0,89,150
599.0,89,150
600.0,89,150
601.0,89,150
602.0,89,150
603.0,89,150
604.0,89,150
605.0,89,150
606.0,89,150
607.0,89,150
608.0,89,150
609.0,89,150
610.0,89,150
611.0,89,150
612.0,89,150
613.0,89,150
614.0,89,150
615.0,89,150
616.0,89,150
617.0,89,150
618.0,89,150
619.0,89,150
620.0,89,150
621.0,89,150
622.0,89,150
623.0,89,150
624.0,89,150
625.0,89,150
626.0,89,150
627.0,89,150
628.0,89,150
629.0,89,150
630.0,89,150
631.0,89,150
632.0,89,150
633.0,89,150
634.0,89,150
635.0,89,150
636.0,89,150
637.0,89,150
638.0,89,150
639.0,89,150
640.0,89,150
641.0,89,150
642.0,89,150
643.0,89,150
644.0,89,150
645.0,89,150
646.0,89,150
647.0,89,150
648.0,89,150
649.0,89,150
650.0,89,150
651.0,89,150
652.0,89,150
653.0,89,150
654.0,89,150
655.0,89,150
656.0,89,150
657.0,89,150
658.0,89,150
659.0,89,150
660.0,89,150
661.0,89,150
662.0,89,150
663.0,89,150
664.0,89,150
665.0,89,150
666.0,89,150
667.0,89,150
668.0,89,150
669.0,89,150
670.0,89,150
671.0,89,150
672.0,89,150
673.0,89,150
674.0,89,150
675.0,89,150
676.0,89,150
677.0,89,150
678.0,89,150
679.0,89,150
680.0,89,150
681.0,89,150
682.0,89,150
683.0,89,150
684.0,89,150
685.0,89,150
686.0,89,150
687.0,89,150
688.0,89,150
689.0,89,150
690.0,89,150
691.0,89,150
692.0,89,150
693.0,89,150
694.0,89,150
695.0,89,150
696.0,89,150
697.0,89,150
698.0,89,150
699.0,89,150
700.0,89,150
701.0,89,150
702.0,89,150
703.0,89,150
704.0,89,150
705.0,89,150
706.0,89,150
707.0,89,150
708.0,89,150
709.0,89,150
710.0,89,150
711.0,89,150
712.0,89,150
713.0,89,150
714.0,89,150
715.0,89,150
716.0,89,150
717.0,89,150
718.0,89,150
719.0,89,150
720.0,89,150
721.0,89,150
722.0,89,150
723.0,89,150
724.0,89,150
725.0,89,150
726.0,89,150
727.0,89,150
728.0,89,150
729.0,89,150
730.0,89,150
731.0,89,150
732.0,89,150
733.0,89,150
734.0,89,150
735.0,89,150
736.0,89,150
737.0,89,150
738.0,89,150
739.0,89,150
740.0,89,150
741.0,89,150
742.0,89,150
743.0,89,150
744.0,89,150
745.0,89,150
746.0,89,150
747.0,89,150
748.0,89,150
749.0,89,150
750.0,89,150
751.0,89,150
752.0,89,150
753.0,89,150
754.0,89,150
755.0,89,150
756.0,89,150
757.0,89,150
758.0,89,150
759.0,89,150
760.0,89,150
761.0,89,150
762.0,89,150
763.0,89,150
764.0,89,150
765.0,89,150
766.0,89,150
767.0,89,150
768.0,89,150
769.0,89,150
770.0,89,150
771.0,89,150
772.0,89,150
773.0,89,150
774.0,89,150
775.0,89,150
776.0,89,150
777.0,89,150
778.0,89,150
779.0,89,150
780.0,89,150
781.0,89,150
782.0,89,150
783.0,89,150
784.0,89,150
785.0,89,150
786.0,89,150
787.0,89,150
788.0,89,150
789.0,89,150
790.0,89,150
791.0,89,150
792.0,89,150
793.0,89,150
794.0,89,150
795.0,89,150
796.0,89,150
797.0,89,150
798.0,89,150
799.0,89,150
800.0,89,150
801.0,89,150
802.0,89,150
803.0,89,150
804.0,89,150
805.0,89,150
806.0,89,150
807.0,89,150
808.0,89,150
809.0,89,150
810.0,89,150
811.0,89,150
812.0,89,150
813.0,89,150
814.0,89,150
815.0,89,150
816.0,89,150
817.0,89,150
818.0,89,150
819.0,89,150
820.0,89,150
821.0,89,150
822.0,89,150
823.0,89,150
824.0,89,150
825.0,89,150
826.0,89,150
827.0,89,150
828.0,89,150
829.0,89,150
830.0,89,150
831.0,89,150
832.0,89,150
833.0,89,150
834.0,89,150
835.0,89,150
836.0,89,150
837.0,89,150
838.0,89,150
839.0,89,150
840.0,89,150
841.0,89,150
842.0,89,150
843.0,89,150
844.0,89,150
845.0,89,150
846.0,89,150
847.0,89,150
848.0,89,150
849.0,89,150
850.0,89,150
851.0,89,150
852.0,89,150
853.0,89,150
854.0,89,150
855.0,89,150
856.0,89,150
857.0,89,150
858.0,89,150
859.0,89,150
860.0,89,150
861.0,89,150
862.0,89,150
863.0,89,150
864.0,89,150
865.0,89,150
866.0,89,150
867.0,89,150
868.0,89,150
869.0,89,150
870.0,89,150
871.0,89,150
872.0,89,150
873.0,89,150
874.0,89,150
875.0,89,150
876.0,89,150
877.0,89,150
878.0,89,150
879.0,89,150
880.0,89,150
881.0,89,150
882.0,89,150
883.0,89,150
884.0,89,150
885.0,89,150
886.0,89,150
887.0,89,150
888.0,89,150
889.0,89,150
890.0,89,150
891.0,89,150
892.0,89,150
893.0,89,150
894.0,89,150
895.0,89,150
896.0,89,150
897.0,89,150
898.0,89,150
899.0,89,150
900.0,89,150
901.0,89,150
902.0,89,150
903.0,89,150
904.0,89,150
905.0,89,150
906.0,89,150
907.0,89,150
908.0,89,150
909.0,89,150
910.0,89,150
911.0,89,150
912.0,89,150
913.0,89,150
914.0,89,150
915.0,89,150
916.0,89,150
917.0,89,150
918.0,89,150
919.0,89,150
920.0,89,150
921.0,89,150
922.0,89,150
923.0,89,150
924.0,89,150
925.0,89,150
926.0,89,150
927.0,89,150
928.0,89,150
929.0,89,150
930.0,89,150
931.0,89,150
932.0,89,150
933.0,89,150
934.0,89,150
935.0,89,150
936.0,89,150
937.0,89,150
938.0,89,150
939.0,89,150
940.0,89,150
941.0,89,150
942.0,89,150
943.0,89,150
944.0,89,150
945.0,89,150
946.0,89,150
947.0,89,150
948.0,89,150
949.0,89,150
950.0,89,150
951.0,89,150
952.0,89,150
953.0,89,150
954.0,89,150
955.0,89,150
956.0,89,150
957.0,89,150
958.0,89,150
959.0,89,150
960.0,89,150
961.0,89,150
962.0,89,150
963.0,89,150
964.0,89,150
965.0,89,150
966.0,89,150
967.0,89,150
968.0,89,150
969.0,89,150
970.0,89,150
971.0,89,150
972.0,89,150
973.0,89,150
974.0,89,150
975.0,89,150
976.0,89,150
977.0,89,150
978.0,89,150
979.0,89,150
980.0,89,150
981.0,89,150
982.0,89,150
983.0,89,150
984.0,89,150
985.0,89,150
986.0,89,150
987.0,89,150
988.0,89,150
989.0,89,150
990.0,89,150
991.0,89,150
992.0,89,150
993.0,89,150
994.0,89,150
995.0,89,150
996.0,89,150
997.0,89,150
998.0,89,150
999.0,89,150
1000.0,89,150
1001.0,89,150
1002.0,89,150
1003.0,89,150
1004.0,89,150
1005.0,89,150
1006.0,89,150
1007.0,89,150
1008.0,89,150
1009.0,89,150
1010.0,89,150
1011.0,89,150
1012.0,89,150
1013.0,89,150
1014.0,89,150
1015.0,89,150
1016.0,89,150
1017.0,89,150
1018.0,89,150
1019.0,89,150
1020.0,89,150
1021.0,89,150
1022.0,89,150
1023.0,89,150
1024.0,89,150
1025.0,89,150
1026.0,89,150
1027.0,89,150
1028.0,89,150
1029.0,89,150
1030.0,89,150
1031.0,89,150
1032.0,89,150
1033.0,89,150
1034.0,89,150
1035.0,89,150
1036.0,89,150
1037.0,89,150
1038.0,89,150
1039.0,89,150
1040.0,89,150
1041.0,89,150
1042.0,89,150
1043.0,89,150
1044.0,89,150
1045.0,89,150
1046.0,89,150
1047.0,89,150
1048.0,89,150
1049.0,89,150
1050.0,89,150
1051.0,89,150
1052.0,89,150
1053.0,89,150
1054.0,89,150
1055.0,89,150
1056.0,89,150
1057.0,89,150
1058.0,89,150
1059.0,89,150
1060.0,89,150
1061.0,89,150
1062.0,89,150
1063.0,89,150
1064.0,89,150
1065.0,89,150
1066.0,89,150
1067.0,89,150
1068.0,89,150
1069.0,89,150
1070.0,89,150
1071.0,89,150
1072.0,89,150
1073.0,89,150
1074.0,89,150
1075.0,89,150
1076.0,89,150
1077.0,89,150
1078.0,89,150
1079.0,89,150
1080.0,89,150
1081.0,89,150
1082.0,89,150
1083.0,89,150
1084.0,89,150
1085.0,89,150
1086.0,89,150
1087.0,89,150
1088.0,89,150
1089.0,89,150
1090.0,89,150
1091.0,89,150
1092.0,89,150
1093.0,89,150
1094.0,89,150
1095.0,89,150
1096.0,89,150
1097.0,89,150
1098.0,89,150
1099.0,89,150
1100.0,89,150
1101.0,89,150
1102.0,89,150
1103.0,89,150
1104.0,89,150
1105.0,89,150
1106.0,89,150
1107.0,89,150
1108.0,89,150
1109.0,89,150
1110.0,89,150
1111.0,89,150
1112.0,89,150
1113.0,89,150
1114.0,89,150
1115.0,89,150
1116.0,89,150
1117.0,89,150
1118.0,89,150
1119.0,89,150
1120.0,89,150
1121.0,89,150
1122.0,89,150
1123.0,89,150
1124.0,89,150
1125.0,89,150
1126.0,89,150
1127.0,89,150
1128.0,89,150
1129.0,89,150
1130.0,89,150
1131.0,89,150
1132.0,89,150
1133.0,89,150
1134.0,89,150
1135.0,89,150
1136.0,89,150
1137.0,89,150
1138.0,89,150
1139.0,89,150
1140.0,89,150
1141.0,89,150
1142.0,89,150
1143.0,89,150
1144.0,89,150
1145.0,89,150
1146.0,89,150
1147.0,89,150
1148.0,89,150
1149.0,89,150
1150.0,89,150
1151.0,89,150
1152.0,89,150
1153.0,89,150
1154.0,89,150
1155.0,89,150
1156.0,89,150
1157.0,89,150
1158.0,89,150
1159.0,89,150
1160.0,89,150
1161.0,89,150
1162.0,89,150
1163.0,89,150
1164.0,89,150
1165.0,89,150
1166.0,89,150
1167.0,89,150
1168.0,89,150
1169.0,89,150
1170.0,89,150
1171.0,89,150
1172.0,89,150
1173.0,89,150
1174.0,89,150
1175.0,89,150
1176.0,89,150
1177.0,89,150
1178.0,89,150
1179.0,89,150
1180.0,89,150
1181.0,89,150
1182.0,89,150
1183.0,89,150
1184.0,89,150
1185.0,89,150
1186.0,89,150
1187.0,89,150
1188.0,89,150
1189.0,89,150
1190.0,89,150
1191.0,89,150
1192.0,89,150
1193.0,89,150
1194.0,89,150
1195.0,89,150
1196.0,89,150
1197.0,89,150
1198.0,89,150
1199.0,89,150
1200.0,89,150
1201.0,89,150
1202.0,89,150
1203.0,89,150
1204.0,89,150
1205.0,89,150
1206.0,89,150
1207.0,89,150
1208.0,89,150
1209.0,89,150
1210.0,89,150
1211.0,89,150
1212.0,89,150
1213.0,89,150
1214.0,89,150
1215.0,89,150
1216.0,89,150
1217.0,89,150
1218.0,89,150
1219.0,89,150
1220.0,89,150
1221.0,89,150
1222.0,89,150
1223.0,89,150
1224.0,89,150
1225.0,89,150
1226.0,89,150
1227.0,89,150
1228.0,89,150
1229.0,89,150
1230.0,89,150
1231.0,89,150
1232.0,89,150
1233.0,89,150
1234.0,89,150
1235.0,89,150
1236.0,89,150
1237.0,89,150
1238.0,89,150
1239.0,89,150
1240.0,89,150
1241.0,89,150
1242.0,89,150
1243.0,89,150
1244.0,89,150
1245.0,89,150
1246.0,89,150
1247.0,89,150
1248.0,89,150
1249.0,89,150
1250.0,89,150
1251.0,89,150
1252.0,89,150
1253.0,89,150
1254.0,89,150
1255.0,89,150
1256.0,89,150
1257.0,89,150
1258.0,89,150
1259.0,89,150
1260.0,89,150
1261.0,89,150
1262.0,89,150
1263.0,89,150
1264.0,89,150
1265.0,89,150
1266.0,89,150
1267.0,89,150
1268.0,89,150
1269.0,89,150
1270.0,89,150
1271.0,89,150
1272.0,89,150
1273.0,89,150
1274.0,89,150
1275.0,89,150
1276.0,89,150
1277.0,89,150
1278.0,89,150
1279.0,89,150
1280.0,89,150
1281.0,89,150
1282.0,89,150
1283.0,89,150
1284.0,89,150
1285.0,89,150
1286.0,89,150
1287.0,89,150
1288.0,89,150
1289.0,89,150
1290.0,89,150
1291.0,89,150
1292.0,89,150
1293.0,89,150
1294.0,89,150
1295.0,89,150
1296.0,89,150
1297.0,89,150
1298.0,89,150
1299.0,89,150
1300.0,89,150
1301.0,89,150
1302.0,89,150
1303.0,89,150
1304.0,89,150
1305.0,89,150
1306.0,89,150
1307.0,89,150
1308.0,89,150
1309.0,89,150
1310.0,89,150
1311.0,89,150
1312.0,89,150
1313.0,89,150
1314.0,89,150
1315.0,89,150
1316.0,89,150
1317.0,89,150
1318.0,89,150
1319.0,89,150
1320.0,89,150
1321.0,89,150
1322.0,89,150
1323.0,89,150
1324.0,89,150
1325.0,89,150
1326.0,89,150
1327.0,89,150
1328.0,89,150
1329.0,89,150
1330.0,89,150
1331.0,89,150
1332.0,89,150
1333.0,89,150
1334.0,89,150
1335.0,89,150
1336.0,89,150
1337.0,89,150
1338.0,89,150
1339.0,89,150
1340.0,89,150
1341.0,89,150
1342.0,89,150
1343.0,89,150
1344.0,89,150
1345.0,89,150
1346.0,89,150
1347.0,89,150
1348.0,89,150
1349.0,89,150
1350.0,89,150
1351.0,89,150
1352.0,89,150
1353.0,89,150
1354.0,89,150
1355.0,89,150
1356.0,89,150
1357.0,89,150
1358.0,89,150
1359.0,89,150
1360.0,89,150
1361.0,89,150
1362.0,89,150
1363.0,89,150
1364.0,89,150
1365.0,89,150
1366.0,89,150
1367.0,89,150
1368.0,89,150
1369.0,89,150
1370.0,89,150
1371.0,89,150
1372.0,89,150
1373.0,89,150
1374.0,89,150
1375.0,89,150
1376.0,89,150
1377.0,89,150
1378.0,89,150
1379.0,89,150
1380.0,89,150
1381.0,89,150
1382.0,89,150
1383.0,89,150
1384.0,89,150
1385.0,89,150
1386.0,89,150
1387.0,89,150
1388.0,89,150
1389.0,89,150
1390.0,89,150
1391.0,89,150
1392.0,89,150
1393.0,89,150
1394.0,89,150
1395.0,89,150
1396.0,89,150
1397.0,89,150
1398.0,89,150
1399.0,89,150
1400.0,89,150
1401.0,89,150
1402.0,89,150
1403.0,89,150
1404.0,89,150
1405.0,89,150
1406.0,89,150
1407.0,89,150
1408.0,89,150
1409.0,89,150
1410.0,89,150
1411.0,89,150
1412.0,89,150
1413.0,89,150
1414.0,89,150
1415.0,89,150
1416.0,89,150
1417.0,89,150
1418.0,89,150
1419.0,89,150
1420.0,89,150
1421.0,89,150
1422.0,89,150
1423.0,89,150
1424.0,89,150
1425.0,89,150
1426.0,89,150
1427.0,89,150
1428.0,89,150
1429.0,89,150
1430.0,89,150
1431.0,89,150
1432.0,89,150
1433.0,89,150
1434.0,89,150
1435.0,89,150
1436.0,89,150
1437.0,89,150
1438.0,89,150
1439.0,89,150
1440.0,89,150
1441.0,89,150
1442.0,89,150
1443.0,89,150
1444.0,89,150
1445.0,89,150
1446.0,89,150
1447.0,89,150
1448.0,89,150
1449.0,89,150
1450.0,89,150
1451.0,89,150
1452.0,89,150
1453.0,89,150
1454.0,89,150
1455.0,89,150
1456.0,89,150
1457.0,89,150
1458.0,89,150
1459.0,89,150
1460.0,89,150
1461.0,89,150
1462.0,89,150
1463.0,89,150
1464.0,89,150
1465.0,89,150
1466.0,89,150
1467.0,89,150
1468.0,89,150
1469.0,89,150
1470.0,89,150
1471.0,89,150
1472.0,89,150
1473.0,89,150
1474.0,89,150
1475.0,89,150
1476.0,89,150
1477.0,89,150
1478.0,89,150
1479.0,89,150
1480.0,89,150
1481.0,89,150
1482.0,89,150
1483.0,89,150
1484.0,89,150
1485.0,89,150
1486.0,89,150
1487.0,89,150
1488.0,89,150
1489.0,89,150
1490.0,89,150
1491.0,89,150
1492.0,89,150
1493.0,89,150
1494.0,89,150
1495.0,89,150
1496.0,89,150
1497.0,89,150
1498.0,89,150
1499.0,89,150
1500.0,89,150
1501.0,89,150
1502.0,89,150
1503.0,89,150
1504.0,89,150
1505.0,89,150
1506.0,89,150
1507.0,89,150
1508.0,89,150
1509.0,89,150
1510.0,89,150
1511.0,89,150
1512.0,89,150
1513.0,89,150
1514.0,89,150
1515.0,89,150
1516.0,89,150
1517.0,89,150
1518.0,89,150
1519.0,89,150
1520.0,89,150
1521.0,89,150
1522.0,89,150
1523.0,89,150
1524.0,89,150
1525.0,89,150
1526.0,89,150
1527.0,89,150
1528.0,89,150
1529.0,89,150
1530.0,89,150
1531.0,89,150
1532.0,89,150
1533.0,89,150
1534.0,89,150
1535.0,89,150
1536.0,89,150
1537.0,89,150
1538.0,89,150
1539.0,89,150
1540.0,89,150
1541.0,89,150
1542.0,89,150
1543.0,89,150
1544.0,89,150
1545.0,89,150
1546.0,89,150
1547.0,89,150
1548.0,89,150
1549.0,89,150
1550.0,89,150
1551.0,89,150
1552.0,89,150
1553.0,89,150
1554.0,89,150
1555.0,89,150
1556.0,89,150
1557.0,89,150
1558.0,89,150
1559.0,89,150
1560.0,89,150
1561.0,89,150
1562.0,89,150
1563.0,89,150
1564.0,89,150
1565.0,89,150
1566.0,89,150
1567.0,89,150
1568.0,89,150
1569.0,89,150
1570.0,89,150
1571.0,89,150
1572.0,89,150
1573.0,89,150
1574.0,89,150
1575.0,89,150
1576.0,89,150
1577.0,89,150
1578.0,89,150
1579.0,89,150
1580.0,89,150
1581.0,89,150
1582.0,89,150
1583.0,89,150
1584.0,89,150
1585.0,89,150
1586.0,89,150
1587.0,89,150
1588.0,89,150
1589.0,89,150
1590.0,89,150
1591.0,89,150
1592.0,89,150
1593.0,89,150
1594.0,89,150
1595.0,89,150
1596.0,89,150
1597.0,89,150
1598.0,89,150
1599.0,89,150
1600.0,89,150
1601.0,89,150
1602.0,89,150
1603.0,89,150
1604.0,89,150
1605.0,89,150
1606.0,89,150
1607.0,89,150
1608.0,89,150
1609.0,89,150
1610.0,89,150
1611.0,89,150
1612.0,89,150
1613.0,89,150
1614.0,89,150
1615.0,89,150
1616.0,89,150
1617.0,89,150
1618.0,89,150
1619.0,89,150
1620.0,89,150
1621.0,89,150
1622.0,89,150
1623.0,89,150
1624.0,89,150
1625.0,89,150
1626.0,89,150
1627.0,89,150
1628.0,89,150
1629.0,89,150
1630.0,89,150
1631.0,89,150
1632.0,89,150
1633.0,89,150
1634.0,89,150
1635.0,89,150
1636.0,89,150
1637.0,89,150
1638.0,89,150
1639.0,89,150
1640.0,89,150
1641.0,89,150
1642.0,89,150
1643.0,89,150
1644.0,89,150
1645.0,89,150
1646.0,89,150
1647.0,89,150
1648.0,89,150
1649.0,89,150
1650.0,89,150
1651.0,89,150
1652.0,89,150
1653.0,89,150
1654.0,89,150
1655.0,89,150
1656.0,89,150
1657.0,89,150
1658.0,89,150
1659.0,89,150
1660.0,89,150
1661.0,89,150
1662.0,89,150
1663.0,89,150
1664.0,89,150
1665.0,89,150
1666.0,89,150
1667.0,89,150
1668.0,89,150
1669.0,89,150
1670.0,89,150
1671.0,89,150
1672.0,89,150
1673.0,89,150
1674.0,89,150
1675.0,89,150
1676.0,89,150
1677.0,89,150
1678.0,89,150
1679.0,89,150
1680.0,89,150
1681.0,89,150
1682.0,89,150
1683.0,89,150
1684.0,89,150
1685.0,89,150
1686.0,89,150
1687.0,89,150
1688.0,89,150
1689.0,89,150
1690.0,89,150
1691.0,89,150
1692.0,89,150
1693.0,89,150
1694.0,89,150
1695.0,89,150
1696.0,89,150
1697.0,89,150
1698.0,89,150
1699.0,89,150
1700.0,89,150
1701.0,89,150
1702.0,89,150
1703.0,89,150
1704.0,89,150
1705.0,89,150
1706.0,89,150
1707.0,89,150
1708.0,89,150
1709.0,89,150
1710.0,89,150
1711.0,89,150
1712.0,89,150
1713.0,89,150
1714.0,89,150
1715.0,89,150
1716.0,89,150
1717.0,89,150
1718.0,89,150
1719.0,89,150
1720.0,89,150
1721.0,89,150
1722.0,89,150
1723.0,89,150
1724.0,89,150
1725.0,89,150
1726.0,89,150
1727.0,89,150
1728.0,89,150
1729.0,89,150
1730.0,89,150
1731.0,89,150
1732.0,89,150
1733.0,89,150
1734.0,89,150
1735.0,89,150
1736.0,89,150
1737.0,89,150
1738.0,89,150
1739.0,89,150
1740.0,89,150
1741.0,89,150
1742.0,89,150
1743.0,89,150
1744.0,89,150
1745.0,89,150
1746.0,89,150
1747.0,89,150
1748.0,89,150
1749.0,89,150
1750.0,89,150
1751.0,89,150
1752.0,89,150
1753.0,89,150
1754.0,89,150
1755.0,89,150
1756.0,89,150
1757.0,89,150
1758.0,89,150
1759.0,89,150
1760.0,89,150
1761.0,89,150
1762.0,89,150
1763.0,89,150
1764.0,89,150
1765.0,89,150
1766.0,89,150
1767.0,89,150
1768.0,89,150
1769.0,89,150
1770.0,89,150
1771.0,89,150
1772.0,89,150
1773.0,89,150
1774.0,89,150
1775.0,89,150
1776.0,89,150
1777.0,89,150
1778.0,89,150
1779.0,89,150
1780.0,89,150
1781.0,89,150
1782.0,89,150
1783.0,89,150
1784.0,89,150
1785.0,89,150
1786.0,89,150
1787.0,89,150
1788.0,89,150
1789.0,89,150
1790.0,89,150
1791.0,89,150
1792.0,89,150
1793.0,89,150
1794.0,89,150
1795.0,89,150
1796.0,89,150
1797.0,89,150
1798.0,89,150
1799.0,89,150
1800.0,89,150
1801.0,89,150
1802.0,89,150
1803.0,89,150
1804.0,89,150
1805.0,89,150
1806.0,89,150
1807.0,89,150
1808.0,89,150
1809.0,89,150
1810.0,89,150
1811.0,89,150
1812.0,89,150
1813.0,89,150
1814.0,89,150
1815.0,89,150
1816.0,89,150
1817.0,89,150
1818.0,89,150
1819.0,89,150
1820.0,89,150
1821.0,89,150
1822.0,89,150
1823.0,89,150
1824.0,89,150
1825.0,89,150
1826.0,89,150
1827.0,89,150
1828.0,89,150
1829.0,89,150
1830.0,89,150
1831.0,89,150
1832.0,89,150
1833.0,89,150
1834.0,89,150
1835.0,89,150
1836.0,89,150
1837.0,89,150
1838.0,89,150
1839.0,89,150
1840.0,89,150
1841.0,89,150
1842.0,89,150
1843.0,89,150
1844.0,89,150
1845.0,89,150
1846.0,89,150
1847.0,89,150
1848.0,89,150
1849.0,89,150
1850.0,89,150
1851.0,89,150
1852.0,89,150
1853.0,89,150
1854.0,89,150
1855.0,89,150
1856.0,89,150
1857.0,89,150
1858.0,89,150
1859.0,89,150
1860.0,89,150
1861.0,89,150
1862.0,89,150
1863.0,89,150
1864.0,89,150
1865.0,89,150
1866.0,89,150
1867.0,89,150
1868.0,89,150
1869.0,89,150
1870.0,89,150
1871.0,89,150
1872.0,89,150
1873.0,89,150
1874.0,89,150
1875.0,89,150
1876.0,89,150
1877.0,89,150
1878.0,89,150
1879.0,89,150
1880.0,89,150
1881.0,89,150
1882.0,89,150
1883.0,89,150
1884.0,89,150
1885.0,89,150
1886.0,89,150
1887.0,89,150
1888.0,89,150
1889.0,89,150
1890.0,89,150
1891.0,89,150
1892.0,89,150
1893.0,89,150
1894.0,89,150
1895.0,89,150
1896.0,89,150
1897.0,89,150
1898.0,89,150
1899.0,89,150
1900.0,89,150
1901.0,89,150
1902.0,89,150
1903.0,89,150
1904.0,89,150
1905.0,89,150
1906.0,89,150
1907.0,89,150
1908.0,89,150
1909.0,89,150
1910.0,89,150
1911.0,89,150
1912.0,89,150
1913.0,89,150
1914.0,89,150
1915.0,89,150
1916.0,89,150
1917.0,89,150
1918.0,89,150
1919.0,89,150
1920.0,89,150
1921.0,89,150
1922.0,89,150
1923.0,89,150
1924.0,89,150
1925.0,89,150
1926.0,89,150
1927.0,89,150
1928.0,89,150
1929.0,89,150
1930.0,89,150
1931.0,89,150
1932.0,89,150
1933.0,89,150
1934.0,89,150
1935.0,89,150
1936.0,89,150
1937.0,89,150
1938.0,89,150
1939.0,89,150
1940.0,89,150
1941.0,89,150
1942.0,89,150
1943.0,89,150
1944.0,89,150
1945.0,89,150
1946.0,89,150
1947.0,89,150
1948.0,89,150
1949.0,89,150
1950.0,89,150
1951.0,89,150
1952.0,89,150
1953.0,89,150
1954.0,89,150
1955.0,89,150
1956.0,89,150
1957.0,89,150
1958.0,89,150
1959.0,89,150
1960.0,89,150
1961.0,89,150
1962.0,89,150
1963.0,89,150
1964.0,89,150
1965.0,89,150
1966.0,89,150
1967.0,89,150
1968.0,89,150
1969.0,89,150
1970.0,89,150
1971.0,89,150
1972.0,89,150
1973.0,89,150
1974.0,89,150
1975.0,89,150
1976.0,89,150
1977.0,89,150
1978.0,89,150
1979.0,89,150
1980.0,89,150
1981.0,89,150
1982.0,89,150
1983.0,89,150
1984.0,89,150
1985.0,89,150
1986.0,89,150
1987.0,89,150
1988.0,89,150
1989.0,89,150
1990.0,89,150
1991.0,89,150
1992.0,89,150
1993.0,89,150
1994.0,89,150
1995.0,89,150
1996.0,89,150
1997.0,89,150
1998.0,89,150
1999.0,89,150
2000.0,89,150
2001.0,89,150
2002.0,89,150
2003.0,89,150
2004.0,89,150
2005.0,89,150
2006.0,89,150
2007.0,89,150
2008.0,89,150
2009.0,89,150
2010.0,89,150
2011.0,89,150
2012.0,89,150
2013.0,89,150
2014.0,89,150
2015.0,89,150
2016.0,89,150
2017.0,89,150
2018.0,89,150
2019.0,89,150
2020.0,89,150
2021.0,89,150
2022.0,89,150
2023.0,89,150
2024.0,89,150
2025.0,89,150
2026.0,89,150
2027.0,89,150
2028.0,89,150
2029.0,89,150
2030.0,89,150
2031.0,89,150
2032.0,89,150
2033.0,89,150
2034.0,89,150
2035.0,89,150
2036.0,89,150
2037.0,89,150
2038.0,89,150
2039.0,89,150
2040.0,89,150
2041.0,89,150
2042.0,89,150
2043.0,89,150
2044.0,89,150
2045.0,89,150
2046.0,89,150
2047.0,89,150
2048.0,89,150
2049.0,89,150
2050.0,89,150
2051.0,89,150
2052.0,89,150
2053.0,89,150
2054.0,89,150
2055.0,89,150
2056.0,89,150
2057.0,89,150
2058.0,89,150
2059.0,89,150
2060.0,89,150
2061.0,89,150
2062.0,89,150
2063.0,89,150
2064.0,89,150
2065.0,89,150
2066.0,89,150
2067.0,89,150
2068.0,89,150
2069.0,89,150
2070.0,89,150
2071.0,89,150
2072.0,89,150
2073.0,89,150
2074.0,89,150
2075.0,89,150
2076.0,89,150
2077.0,89,150
2078.0,89,150
2079.0,89,150
2080.0,89,150
2081.0,89,150
2082.0,89,150
2083.0,89,150
2084.0,89,150
2085.0,89,150
2086.0,89,150
2087.0,89,150
2088.0,89,150
2089.0,89,150
2090.0,89,150
2091.0,89,150
2092.0,89,150
2093.0,89,150
2094.0,89,150
2095.0,89,150
2096.0,89,150
2097.0,89,150
2098.0,89,150
2099.0,89,150
2100.0,89,150
2101.0,89,150
2102.0,89,150
2103.0,89,150
2104.0,89,150
2105.0,89,150
2106.0,89,150
2107.0,89,150
2108.0,89,150
2109.0,89,150
2110.0,89,150
2111.0,89,150
2112.0,89,150
2113.0,89,150
2114.0,89,150
2115.0,89,150
2116.0,89,150
2117.0,89,150
2118.0,89,150
2119.0,89,150
2120.0,89,150
2121.0,89,150
2122.0,89,150
2123.0,89,150
2124.0,89,150
2125.0,89,150
2126.0,89,150
2127.0,89,150
2128.0,89,150
2129.0,89,150
2130.0,89,150
2131.0,89,150
2132.0,89,150
2133.0,89,150
2134.0,89,150
2135.0,89,150
2136.0,89,150
2137.0,89,150
2138.0,89,150
2139.0,89,150
2140.0,89,150
2141.0,89,150
2142.0,89,150
2143.0,89,150
2144.0,89,150
2145.0,89,150
2146.0,89,150
2147.0,89,150
2148.0,89,150
2149.0,89,150
2150.0,89,150
2151.0,89,150
2152.0,89,150
2153.0,89,150
2154.0,89,150
2155.0,89,150
2156.0,89,150
2157.0,89,150
2158.0,89,150
2159.0,89,150
2160.0,89,150
2161.0,89,150
2162.0,89,150
2163.0,89,150
2164.0,89,150
2165.0,89,150
2166.0,89,150
2167.0,89,150
2168.0,89,150
2169.0,89,150
2170.0,89,150
2171.0,89,150
2172.0,89,150
2173.0,89,150
2174.0,89,150
2175.0,89,150
2176.0,89,150
2177.0,89,150
2178.0,89,150
2179.0,89,150
2180.0,89,150
2181.0,89,150
2182.0,89,150
2183.0,89,150
2184.0,89,150
2185.0,89,150
2186.0,89,150
2187.0,89,150
2188.0,89,150
2189.0,89,150
2190.0,89,150
2191.0,89,150
2192.0,89,150
2193.0,89,150
2194.0,89,150
2195.0,89,150
2196.0,89,150
2197.0,89,150
2198.0,89,150
2199.0,89,150
2200.0,89,150
2201.0,89,150
2202.0,89,150
2203.0,89,150
2204.0,89,150
2205.0,89,150
2206.0,89,150
2207.0,89,150
2208.0,89,150
2209.0,89,150
2210.0,89,150
2211.0,89,150
2212.0,89,150
2213.0,89,150
2214.0,89,150
2215.0,89,150
2216.0,89,150
2217.0,89,150
2218.0,89,150
2219.0,89,150
2220.0,89,150
2221.0,89,150
2222.0,89,150
2223.0,89,150
2224.0,89,150
2225.0,89,150
2226.0,89,150
2227.0,89,150
2228.0,89,150
2229.0,89,150
2230.0,89,150
2231.0,89,150
2232.0,89,150
2233.0,89,150
2234.0,89,150
2235.0,89,150
2236.0,89,150
2237.0,89,150
2238.0,89,150
2239.0,89,150
2240.0,89,150
2241.0,89,150
2242.0,89,150
2243.0,89,150
2244.0,89,150
2245.0,89,150
2246.0,89,150
2247.0,89,150
2248.0,89,150
2249.0,89,150
2250.0,89,150
2251.0,89,150
2252.0,89,150
2253.0,89,150
2254.0,89,150
2255.0,89,150
2256.0,89,150
2257.0,89,150
2258.0,89,150
2259.0,89,150
2260.0,89,150
2261.0,89,150
2262.0,89,150
2263.0,89,150
2264.0,89,150
2265.0,89,150
2266.0,89,150
2267.0,89,150
2268.0,89,150
2269.0,89,150
2270.0,89,150
2271.0,89,150
2272.0,89,150
2273.0,89,150
2274.0,89,150
2275.0,89,150
2276.0,89,150
2277.0,89,150
2278.0,89,150
2279.0,89,150
2280.0,89,150
2281.0,89,150
2282.0,89,150
2283.0,89,150
2284.0,89,150
2285.0,89,150
2286.0,89,150
2287.0,89,150
2288.0,89,150
2289.0,89,150
2290.0,89,150
2291.0,89,150
2292.0,89,150
2293.0,89,150
2294.0,89,150
2295.0,89,150
2296.0,89,150
2297.0,89,150
2298.0,89,150
2299.0,89,150
2300.0,89,150
2301.0,89,150
2302.0,89,150
2303.0,89,150
2304.0,89,150
2305.0,89,150
2306.0,89,150
2307.0,89,150
2308.0,89,150
2309.0,89,150
2310.0,89,150
2311.0,89,150
2312.0,89,150
2313.0,89,150
2314.0,89,150
2315.0,89,150
2316.0,89,150
2317.0,89,150
2318.0,89,150
2319.0,89,150
2320.0,89,150
2321.0,89,150
2322.0,89,150
2323.0,89,150
2324.0,89,150
2325.0,89,150
2326.0,89,150
2327.0,89,150
2328.0,89,150
2329.0,89,150
2330.0,89,150
2331.0,89,150
2332.0,89,150
2333.0,89,150
2334.0,89,150
2335.0,89,150
2336.0,89,150
2337.0,89,150
2338.0,89,150
2339.0,89,150
2340.0,89,150
2341.0,89,150
2342.0,89,150
2343.0,89,150
2344.0,89,150
2345.0,89,150
2346.0,89,150
2347.0,89,150
2348.0,89,150
2349.0,89,150
2350.0,89,150
2351.0,89,150
2352.0,89,150
2353.0,89,150
2354.0,89,150
2355.0,89,150
2356.0,89,150
2357.0,89,150
2358.0,89,150
2359.0,89,150
2360.0,89,150
2361.0,89,150
2362.0,89,150
2363.0,89,150
2364.0,89,150
2365.0,89,150
2366.0,89,150
2367.0,89,150
2368.0,89,150
2369.0,89,150
2370.0,89,150
2371.0,89,150
2372.0,89,150
2373.0,89,150
2374.0,89,150
2375.0,89,150
2376.0,89,150
2377.0,89,150
2378.0,89,150
2379.0,89,150
2380.0,89,150
2381.0,89,150
2382.0,89,150
2383.0,89,150
2384.0,89,150
2385.0,89,150
2386.0,89,150
2387.0,89,150
2388.0,89,150
2389.0,89,150
2390.0,89,150
2391.0,89,150
2392.0,89,150
2393.0,89,150
2394.0,89,150
2395.0,89,150
2396.0,89,150
2397.0,89,150
2398.0,89,150
2399.0,89,150
2400.0,89,150
2401.0,89,150
2402.0,89,150
2403.0,89,150
2404.0,89,150
2405.0,89,150
2406.0,89,150
2407.0,89,150
2408.0,89,150
2409.0,89,150
2410.0,89,150
2411.0,89,150
2412.0,89,150
2413.0,89,150
2414.0,89,150
2415.0,89,150
2416.0,89,150
2417.0,89,150
2418.0,89,150
2419.0,89,150
2420.0,89,150
2421.0,89,150
2422.0,89,150
2423.0,89,150
2424.0,89,150
2425.0,89,150
2426.0,89,150
2427.0,89,150
2428.0,89,150
2429.0,89,150
2430.0,89,150
2431.0,89,150
2432.0,89,150
2433.0,89,150
2434.0,89,150
2435.0,89,150
2436.0,89,150
2437.0,89,150
2438.0,89,150
2439.0,89,150
2440.0,89,150
2441.0,89,150
2442.0,89,150
2443.0,89,150
2444.0,89,150
2445.0,89,150
2446.0,89,150
2447.0,89,150
2448.0,89,150
2449.0,89,150
2450.0,89,150
2451.0,89,150
2452.0,89,150
2453.0,89,150
2454.0,89,150
2455.0,89,150
2456.0,89,150
2457.0,89,150
2458.0,89,150
2459.0,89,150
2460.0,89,150
2461.0,89,150
2462.0,89,150
2463.0,89,150
2464.0,89,150
2465.0,89,150
2466.0,89,150
2467.0,89,150
2468.0,89,150
2469.0,89,150
2470.0,89,150
2471.0,89,150
2472.0,89,150
2473.0,89,150
2474.0,89,150
2475.0,89,150
2476.0,89,150
2477.0,89,150
2478.0,89,150
2479.0,89,150
2480.0,89,150
2481.0,89,150
2482.0,89,150
2483.0,89,150
2484.0,89,150
2485.0,89,150
2486.0,89,150
2487.0,89,150
2488.0,89,150
2489.0,89,150
2490.0,89,150
2491.0,89,150
2492.0,89,150
2493.0,89,150
2494.0,89,150
2495.0,89,150
2496.0,89,150
2497.0,89,150
2498.0,89,150
2499.0,89,150
2500.0,89,150
2501.0,89,150
2502.0,89,150
2503.0,89,150
2504.0,89,150
2505.0,89,150
2506.0,89,150
2507.0,89,150
2508.0,89,150
2509.0,89,150
2510.0,89,150
2511.0,89,150
2512.0,89,150
2513.0,89,150
2514.0,89,150
2515.0,89,150
2516.0,89,150
2517.0,89,150
2518.0,89,150
2519.0,89,150
2520.0,89,150
2521.0,89,150
2522.0,89,150
2523.0,89,150
2524.0,89,150
2525.0,89,150
2526.0,89,150
2527.0,89,150
2528.0,89,150
2529.0,89,150
2530.0,89,150
2531.0,89,150
2532.0,89,150
2533.0,89,150
2534.0,89,150
2535.0,89,150
2536.0,89,150
2537.0,89,150
2538.0,89,150
2539.0,89,150
2540.0,89,150
2541.0,89,150
2542.0,89,150
2543.0,89,150
2544.0,89,150
2545.0,89,150
2546.0,89,150
2547.0,89,150
2548.0,89,150
2549.0,89,150
2550.0,89,150
2551.0,89,150
2552.0,89,150
2553.0,89,150
2554.0,89,150
2555.0,89,150
2556.0,89,150
2557.0,89,150
2558.0,89,150
2559.0,89,150
2560.0,89,150
2561.0,89,150
2562.0,89,150
2563.0,89,150
2564.0,89,150
2565.0,89,150
2566.0,89,150
2567.0,89,150
2568.0,89,150
2569.0,89,150
2570.0,89,150
2571.0,89,150
2572.0,89,150
2573.0,89,150
2574.0,89,150
2575.0,89,150
2576.0,89,150
2577.0,89,150
2578.0,89,150
2579.0,89,150
2580.0,89,150
2581.0,89,150
2582.0,89,150
2583.0,89,150
2584.0,89,150
2585.0,89,150
2586.0,89,150
2587.0,89,150
2588.0,89,150
2589.0,89,150
2590.0,89,150
2591.0,89,150
2592.0,89,150
2593.0,89,150
2594.0,89,150
2595.0,89,150
2596.0,89,150
2597.0,89,150
2598.0,89,150
2599.0,89,150
2600.0,89,150
2601.0,89,150
2602.0,89,150
2603.0,89,150
2604.0,89,150
2605.0,89,150
2606.0,89,150
2607.0,89,150
2608.0,89,150
2609.0,89,150
2610.0,89,150
2611.0,89,150
2612.0,89,150
2613.0,89,150
2614.0,89,150
2615.0,89,150
2616.0,89,150
2617.0,89,150
2618.0,89,150
2619.0,89,150
2620.0,89,150
2621.0,89,150
2622.0,89,150
2623.0,89,150
2624.0,89,150
2625.0,89,150
2626.0,89,150
2627.0,89,150
2628.0,89,150
2629.0,89,150
2630.0,89,150
2631.0,89,150
2632.0,89,150
2633.0,89,150
2634.0,89,150
2635.0,89,150
2636.0,89,150
2637.0,89,150
2638.0,89,150
2639.0,89,150
2640.0,89,150
2641.0,89,150
2642.0,89,150
2643.0,89,150
2644.0,89,150
2645.0,89,150
2646.0,89,150
2647.0,89,150
2648.0,89,150
2649.0,89,150
2650.0,89,150
2651.0,89,150
2652.0,89,150
2653.0,89,150
2654.0,89,150
2655.0,89,150
2656.0,89,150
2657.0,89,150
2658.0,89,150
2659.0,89,150
2660.0,89,150
2661.0,89,150
2662.0,89,150
2663.0,89,150
2664.0,89,150
2665.0,89,150
2666.0,89,150
2667.0,89,150
2668.0,89,150
2669.0,89,150
2670.0,89,150
2671.0,89,150
2672.0,89,150
2673.0,89,150
2674.0,89,150
2675.0,89,150
2676.0,89,150
2677.0,89,150
2678.0,89,150
2679.0,89,150
2680.0,89,150
2681.0,89,150
2682.0,89,150
2683.0,89,150
2684.0,89,150
2685.0,89,150
2686.0,89,150
2687.0,89,150
2688.0,89,150
2689.0,89,150
2690.0,89,150
2691.0,89,150
2692.0,89,150
2693.0,89,150
2694.0,89,150
2695.0,89,150
2696.0,89,150
2697.0,89,150
2698.0,89,150
2699.0,89,150
2700.0,89,150
2701.0,89,150
2702.0,89,150
2703.0,89,150
2704.0,89,150
2705.0,89,150
2706.0,89,150
2707.0,89,150
2708.0,89,150
2709.0,89,150
2710.0,89,150
2711.0,89,150
2712.0,89,150
2713.0,89,150
2714.0,89,150
2715.0,89,150
2716.0,89,150
2717.0,89,150
2718.0,89,150
2719.0,89,150
2720.0,89,150
2721.0,89,150
2722.0,89,150
2723.0,89,150
2724.0,89,150
2725.0,89,150
2726.0,89,150
2727.0,89,150
2728.0,89,150
2729.0,89,150
2730.0,89,150
2731.0,89,150
2732.0,89,150
2733.0,89,150
2734.0,89,150
2735.0,89,150
2736.0,89,150
2737.0,89,150
2738.0,89,150
2739.0,89,150
2740.0,89,150
2741.0,89,150
2742.0,89,150
2743.0,89,150
2744.0,89,150
2745.0,89,150
2746.0,89,150
2747.0,89,150
2748.0,89,150
2749.0,89,150
2750.0,89,150
2751.0,89,150
2752.0,89,150
2753.0,89,150
2754.0,89,150
2755.0,89,150
2756.0,89,150
2757.0,89,150
2758.0,89,150
2759.0,89,150
2760.0,89,150
2761.0,89,150
2762.0,89,150
2763.0,89,150
2764.0,89,150
2765.0,89,150
2766.0,89,150
2767.0,89,150
2768.0,89,150
2769.0,89,150
2770.0,89,150
2771.0,89,150
2772.0,89,150
2773.0,89,150
2774.0,89,150
2775.0,89,150
2776.0,89,150
2777.0,89,150
2778.0,89,150
2779.0,89,150
2780.0,89,150
2781.0,89,150
2782.0,89,150
2783.0,89,150
2784.0,89,150
2785.0,89,150
2786.0,89,150
2787.0,89,150
2788.0,89,150
2789.0,89,150
2790.0,89,150
2791.0,89,150
2792.0,89,150
2793.0,89,150
2794.0,89,150
2795.0,89,150
2796.0,89,150
2797.0,89,150
2798.0,89,150
2799.0,89,150
2800.0,89,150
2801.0,89,150
2802.0,89,150
2803.0,89,150
2804.0,89,150
2805.0,89,150
2806.0,89,150
2807.0,89,150
2808.0,89,150
2809.0,89,150
2810.0,89,150
2811.0,89,150
2812.0,89,150
2813.0,89,150
2814.0,89,150
2815.0,89,150
2816.0,89,150
2817.0,89,150
2818.0,89,150
2819.0,89,150
2820.0,89,150
2821.0,89,150
2822.0,89,150
2823.0,89,150
2824.0,89,150
2825.0,89,150
2826.0,89,150
2827.0,89,150
2828.0,89,150
2829.0,89,150
2830.0,89,150
2831.0,89,150
2832.0,89,150
2833.0,89,150
2834.0,89,150
2835.0,89,150
2836.0,89,150
2837.0,89,150
2838.0,89,150
2839.0,89,150
2840.0,89,150
2841.0,89,150
2842.0,89,150
2843.0,89,150
2844.0,89,150
2845.0,89,150
2846.0,89,150
2847.0,89,150
2848.0,89,150
2849.0,89,150
2850.0,89,150
2851.0,89,150
2852.0,89,150
2853.0,89,150
2854.0,89,150
2855.0,89,150
2856.0,89,150
2857.0,89,150
2858.0,89,150
2859.0,89,150
2860.0,89,150
2861.0,89,150
2862.0,89,150
2863.0,89,150
2864.0,89,150
2865.0,89,150
2866.0,89,150
2867.0,89,150
2868.0,89,150
2869.0,89,150
2870.0,89,150
2871.0,89,150
2872.0,89,150
2873.0,89,150
2874.0,89,150
2875.0,89,150
2876.0,89,150
2877.0,89,150
2878.0,89,150
2879.0,89,150
2880.0,89,150
2881.0,89,150
2882.0,89,150
2883.0,89,150
2884.0,89,150
2885.0,89,150
2886.0,89,150
2887.0,89,150
2888.0,89,150
2889.0,89,150
2890.0,89,150
2891.0,89,150
2892.0,89,150
2893.0,89,150
2894.0,89,150
2895.0,89,150
2896.0,89,150
2897.0,89,150
2898.0,89,150
2899.0,89,150
2900.0,89,150
2901.0,89,150
2902.0,89,150
2903.0,89,150
2904.0,89,150
2905.0,89,150
2906.0,89,150
2907.0,89,150
2908.0,89,150
2909.0,89,150
2910.0,89,150
2911.0,89,150
2912.0,89,150
2913.0,89,150
2914.0,89,150
2915.0,89,150
2916.0,89,150
2917.0,89,150
2918.0,89,150
2919.0,89,150
2920.0,89,150
2921.0,89,150
2922.0,89,150
2923.0,89,150
2924.0,89,150
2925.0,89,150
2926.0,89,150
2927.0,89,150
2928.0,89,150
2929.0,89,150
2930.0,89,150
2931.0,89,150
2932.0,89,150
2933.0,89,150
2934.0,89,150
2935.0,89,150
2936.0,89,150
2937.0,89,150
2938.0,89,150
2939.0,89,150
2940.0,89,150
2941.0,89,150
2942.0,89,150
2943.0,89,150
2944.0,89,150
2945.0,89,150
2946.0,89,150
2947.0,89,150
2948.0,89,150
2949.0,89,150
2950.0,89,150
2951.0,89,150
2952.0,89,150
2953.0,89,150
2954.0,89,150
2955.0,89,150
2956.0,89,150
2957.0,89,150
2958.0,89,150
2959.0,89,150
2960.0,89,150
2961.0,89,150
2962.0,89,150
2963.0,89,150
2964.0,89,150
2965.0,89,150
2966.0,89,150
2967.0,89,150
2968.0,89,150
2969.0,89,150
2970.0,89,150
2971.0,89,150
2972.0,89,150
2973.0,89,150
2974.0,89,150
2975.0,89,150
2976.0,89,150
2977.0,89,150
2978.0,89,150
2979.0,89,150
2980.0,89,150
2981.0,89,150
2982.0,89,150
2983.0,89,150
2984.0,89,150
2985.0,89,150
2986.0,89,150
2987.0,89,150
2988.0,89,150
2989.0,89,150
2990.0,89,150
2991.0,89,150
2992.0,89,150
2993.0,89,150
2994.0,89,150
2995.0,89,150
2996.0,89,150
2997.0,89,150
2998.0,89,150
2999.0,89,150
3000.0,89,150
3001.0,89,150
3002.0,89,150
3003.0,89,150
3004.0,89,150
3005.0,89,150
3006.0,89,150
3007.0,89,150
3008.0,89,150
3009.0,89,150
3010.0,89,150
3011.0,89,150
3012.0,89,150
3013.0,89,150
3014.0,89,150
3015.0,89,150
3016.0,89,150
3017.0,89,150
3018.0,89,150
3019.0,89,150
3020.0,89,150
3021.0,89,150
3022.0,89,150
3023.0,89,150
3024.0,89,150
3025.0,89,150
3026.0,89,150
3027.0,89,150
3028.0,89,150
3029.0,89,150
3030.0,89,150
3031.0,89,150
3032.0,89,150
3033.0,89,150
3034.0,89,150
3035.0,89,150
3036.0,89,150
3037.0,89,150
3038.0,89,150
3039.0,89,150
3040.0,89,150
3041.0,89,150
3042.0,89,150
3043.0,89,150
3044.0,89,150
3045.0,89,150
3046.0,89,150
3047.0,89,150
3048.0,89,150
3049.0,89,150
3050.0,89,150
3051.0,89,150
3052.0,89,150
3053.0,89,150
3054.0,89,150
3055.0,89,150
3056.0,89,150
3057.0,89,150
3058.0,89,150
3059.0,89,150
3060.0,89,150
3061.0,89,150
3062.0,89,150
3063.0,89,150
3064.0,89,150
3065.0,89,150
3066.0,89,150
3067.0,89,150
3068.0,89,150
3069.0,89,150
3070.0,89,150
3071.0,89,150
3072.0,89,150
3073.0,89,150
3074.0,89,150
3075.0,89,150
3076.0,89,150
3077.0,89,150
3078.0,89,150
3079.0,89,150
3080.0,89,150
3081.0,89,150
3082.0,89,150
3083.0,89,150
3084.0,89,150
3085.0,89,150
3086.0,89,150
3087.0,89,150
3088.0,89,150
3089.0,89,150
3090.0,89,150
3091.0,89,150
3092.0,89,150
3093.0,89,150
3094.0,89,150
3095.0,89,150
3096.0,89,150
3097.0,89,150
3098.0,89,150
3099.0,89,150
3100.0,89,150
3101.0,89,150
3102.0,89,150
3103.0,89,150
3104.0,89,150
3105.0,89,150
3106.0,89,150
3107.0,89,150
3108.0,89,150
3109.0,89,150
3110.0,89,150
3111.0,89,150
3112.0,89,150
3113.0,89,150
3114.0,89,150
3115.0,89,150
3116.0,89,150
3117.0,89,150
3118.0,89,150
3119.0,89,150
3120.0,89,150
3121.0,89,150
3122.0,89,150
3123.0,89,150
3124.0,89,150
3125.0,89,150
3126.0,89,150
3127.0,89,150
3128.0,89,150
3129.0,89,150
3130.0,89,150
3131.0,89,150
3132.0,89,150
3133.0,89,150
3134.0,89,150
3135.0,89,150
3136.0,89,150
3137.0,89,150
3138.0,89,150
3139.0,89,150
3140.0,89,150
3141.0,89,150
3142.0,89,150
3143.0,89,150
3144.0,89,150
3145.0,89,150
3146.0,89,150
3147.0,89,150
3148.0,89,150
3149.0,89,150
3150.0,89,150
3151.0,89,150
3152.0,89,150
3153.0,89,150
3154.0,89,150
3155.0,89,150
3156.0,89,150
3157.0,89,150
3158.0,89,150
3159.0,89,150
3160.0,89,150
3161.0,89,150
3162.0,89,150
3163.0,89,150
3164.0,89,150
3165.0,89,150
3166.0,89,150
3167.0,89,150
3168.0,89,150
3169.0,89,150
3170.0,89,150
3171.0,89,150
3172.0,89,150
3173.0,89,150
3174.0,89,150
3175.0,89,150
3176.0,89,150
3177.0,89,150
3178.0,89,150
3179.0,89,150
3180.0,89,150
3181.0,89,150
3182.0,89,150
3183.0,89,150
3184.0,89,150
3185.0,89,150
3186.0,89,150
3187.0,89,150
3188.0,89,150
3189.0,89,150
3190.0,89,150
3191.0,89,150
3192.0,89,150
3193.0,89,150
3194.0,89,150
3195.0,89,150
3196.0,89,150
3197.0,89,150
3198.0,89,150
3199.0,89,150
3200.0,89,150
3201.0,89,150
3202.0,89,150
3203.0,89,150
3204.0,89,150
3205.0,89,150
3206.0,89,150
3207.0,89,150
3208.0,89,150
3209.0,89,150
3210.0,89,150
3211.0,89,150
3212.0,89,150
3213.0,89,150
3214.0,89,150
3215.0,89,150
3216.0,89,150
3217.0,89,150
3218.0,89,150
3219.0,89,150
3220.0,89,150
3221.0,89,150
3222.0,89,150
3223.0,89,150
3224.0,89,150
3225.0,89,150
3226.0,89,150
3227.0,89,150
3228.0,89,150
3229.0,89,150
3230.0,89,150
3231.0,89,150
3232.0,89,150
3233.0,89,150
3234.0,89,150
3235.0,89,150
3236.0,89,150
3237.0,89,150
3238.0,89,150
3239.0,89,150
3240.0,89,150
3241.0,89,150
3242.0,89,150
3243.0,89,150
3244.0,89,150
3245.0,89,150
3246.0,89,150
3247.0,89,150
3248.0,89,150
3249.0,89,150
3250.0,89,150
3251.0,89,150
3252.0,89,150
3253.0,89,150
3254.0,89,150
3255.0,89,150
3256.0,89,150
3257.0,89,150
3258.0,89,150
3259.0,89,150
3260.0,89,150
3261.0,89,150
3262.0,89,150
3263.0,89,150
3264.0,89,150
3265.0,89,150
3266.0,89,150
3267.0,89,150
3268.0,89,150
3269.0,89,150
3270.0,89,150
3271.0,89,150
3272.0,89,150
3273.0,89,150
3274.0,89,150
3275.0,89,150
3276.0,89,150
3277.0,89,150
3278.0,89,150
3279.0,89,150
3280.0,89,150
3281.0,89,150
3282.0,89,150
3283.0,89,150
3284.0,89,150
3285.0,89,150
3286.0,89,150
3287.0,89,150
3288.0,89,150
3289.0,89,150
3290.0,89,150
3291.0,89,150
3292.0,89,150
3293.0,89,150
3294.0,89,150
3295.0,89,150
3296.0,89,150
3297.0,89,150
3298.0,89,150
3299.0,89,150
3300.0,89,150
3301.0,89,150
3302.0,89,150
3303.0,89,150
3304.0,89,150
3305.0,89,150
3306.0,89,150
3307.0,89,150
3308.0,89,150
3309.0,89,150
3310.0,89,150
3311.0,89,150
3312.0,89,150
3313.0,89,150
3314.0,89,150
3315.0,89,150
3316.0,89,150
3317.0,89,150
3318.0,89,150
3319.0,89,150
3320.0,89,150
3321.0,89,150
3322.0,89,150
3323.0,89,150
3324.0,89,150
3325.0,89,150
3326.0,89,150
3327.0,89,150
3328.0,89,150
3329.0,89,150
3330.0,89,150
3331.0,89,150
3332.0,89,150
3333.0,89,150
3334.0,89,150
3335.0,89,150
3336.0,89,150
3337.0,89,150
3338.0,89,150
3339.0,89,150
3340.0,89,150
3341.0,89,150
3342.0,89,150
3343.0,89,150
3344.0,89,150
3345.0,89,150
3346.0,89,150
3347.0,89,150
3348.0,89,150
3349.0,89,150
3350.0,89,150
3351.0,89,150
3352.0,89,150
3353.0,89,150
3354.0,89,150
3355.0,89,150
3356.0,89,150
3357.0,89,150
3358.0,89,150
3359.0,89,150
3360.0,89,150
3361.0,89,150
3362.0,89,150
3363.0,89,150
3364.0,89,150
3365.0,89,150
3366.0,89,150
3367.0,89,150
3368.0,89,150
3369.0,89,150
3370.0,89,150
3371.0,89,150
3372.0,89,150
3373.0,89,150
3374.0,89,150
3375.0,89,150
3376.0,89,150
3377.0,89,150
3378.0,89,150
3379.0,89,150
3380.0,89,150
3381.0,89,150
3382.0,89,150
3383.0,89,150
3384.0,89,150
3385.0,89,150
3386.0,89,150
3387.0,89,150
3388.0,89,150
3389.0,89,150
3390.0,89,150
3391.0,89,150
3392.0,89,150
3393.0,89,150
3394.0,89,150
3395.0,89,150
3396.0,89,150
3397.0,89,150
3398.0,89,150
3399.0,89,150
3400.0,89,150
3401.0,89,150
3402.0,89,150
3403.0,89,150
3404.0,89,150
3405.0,89,150
3406.0,89,150
3407.0,89,150
3408.0,89,150
3409.0,89,150
3410.0,89,150
3411.0,89,150
3412.0,89,150
3413.0,89,150
3414.0,89,150
3415.0,89,150
3416.0,89,150
3417.0,89,150
3418.0,89,150
3419.0,89,150
3420.0,89,150
3421.0,89,150
3422.0,89,150
3423.0,89,150
3424.0,89,150
3425.0,89,150
3426.0,89,150
3427.0,89,150
3428.0,89,150
3429.0,89,150
3430.0,89,150
3431.0,89,150
3432.0,89,150
3433.0,89,150
3434.0,89,150
3435.0,89,150
3436.0,89,150
3437.0,89,150
3438.0,89,150
3439.0,89,150
3440.0,89,150
3441.0,89,150
3442.0,89,150
3443.0,89,150
3444.0,89,150
3445.0,89,150
3446.0,89,150
3447.0,89,150
3448.0,89,150
3449.0,89,150
3450.0,89,150
3451.0,89,150
3452.0,89,150
3453.0,89,150
3454.0,89,150
3455.0,89,150
3456.0,89,150
3457.0,89,150
3458.0,89,150
3459.0,89,150
3460.0,89,150
3461.0,89,150
3462.0,89,150
3463.0,89,150
3464.0,89,150
3465.0,89,150
3466.0,89,150
3467.0,89,150
3468.0,89,150
3469.0,89,150
3470.0,89,150
3471.0,89,150
3472.0,89,150
3473.0,89,150
3474.0,89,150
3475.0,89,150
3476.0,89,150
3477.0,89,150
3478.0,89,150
3479.0,89,150
3480.0,89,150
3481.0,89,150
3482.0,89,150
3483.0,89,150
3484.0,89,150
3485.0,89,150
3486.0,89,150
3487.0,89,150
3488.0,89,150
3489.0,89,150
3490.0,89,150
3491.0,89,150
3492.0,89,150
3493.0,89,150
3494.0,89,150
3495.0,89,150
3496.0,89,150
3497.0,89,150
3498.0,89,150
3499.0,89,150
3500.0,89,150
3501.0,89,150
3502.0,89,150
3503.0,89,150
3504.0,89,150
3505.0,89,150
3506.0,89,150
3507.0,89,150
3508.0,89,150
3509.0,89,150
3510.0,89,150
3511.0,89,150
3512.0,89,150
3513.0,89,150
3514.0,89,150
3515.0,89,150
3516.0,89,150
3517.0,89,150
3518.0,89,150
3519.0,89,150
3520.0,89,150
3521.0,89,150
3522.0,89,150
3523.0,89,150
3524.0,89,150
3525.0,89,150
3526.0,89,150
3527.0,89,150
3528.0,89,150
3529.0,89,150
3530.0,89,150
3531.0,89,150
3532.0,89,150
3533.0,89,150
3534.0,89,150
3535.0,89,150
3536.0,89,150
3537.0,89,150
3538.0,89,150
3539.0,89,150
3540.0,89,150
3541.0,89,150
3542.0,89,150
3543.0,89,150
3544.0,89,150
3545.0,89,150
3546.0,89,150
3547.0,89,150
3548.0,89,150
3549.0,89,150
3550.0,89,150
3551.0,89,150
3552.0,89,150
3553.0,89,150
3554.0,89,150
3555.0,89,150
3556.0,89,150
3557.0,89,150
3558.0,89,150
3559.0,89,150
3560.0,89,150
3561.0,89,150
3562.0,89,150
3563.0,89,150
3564.0,89,150
3565.0,89,150
3566.0,89,150
3567.0,89,150
3568.0,89,150
3569.0,89,150
3570.0,89,150
3571.0,89,150
3572.0,89,150
3573.0,89,150
3574.0,89,150
3575.0,89,150
3576.0,89,150
3577.0,89,150
3578.0,89,150
3579.0,89,150
3580.0,89,150
3581.0,89,150
3582.0,89,150
3583.0,89,150
3584.0,89,150
3585.0,89,150
3586.0,89,150
3587.0,89,150
3588.0,89,150
3589.0,89,150
3590.0,89,150
3591.0,89,150
3592.0,89,150
3593.0,89,150
3594.0,89,150
3595.0,89,150
3596.0,89,150
3597.0,89,150
3598.0,89,150
3599.0,89,150
3600.0,89,150
3601.0,89,150
3602.0,89,150
3603.0,89,150
3604.0,89,150
3605.0,89,150
3606.0,89,150
3607.0,89,150
3608.0,89,150
3609.0,89,150
3610.0,89,150
3611.0,89,150
3612.0,89,150
3613.0,89,150
3614.0,89,150
3615.0,89,150
3616.0,89,150
3617.0,89,150
3618.0,89,150
3619.0,89,150
3620.0,89,150
3621.0,89,150
3622.0,89,150
3623.0,89,150
3624.0,89,150
3625.0,89,150
3626.0,89,150
3627.0,89,150
3628.0,89,150
3629.0,89,150
3630.0,89,150
3631.0,89,150
3632.0,89,150
3633.0,89,150
3634.0,89,150
3635.0,89,150
3636.0,89,150
3637.0,89,150
3638.0,89,150
3639.0,89,150
3640.0,89,150
3641.0,89,150
3642.0,89,150
3643.0,89,150
3644.0,89,150
3645.0,89,150
3646.0,89,150
3647.0,89,150
3648.0,89,150
3649.0,89,150
3650.0,89,150
3651.0,89,150
3652.0,89,150
3653.0,89,150
3654.0,89,150
3655.0,89,150
3656.0,89,150
3657.0,89,150
3658.0,89,150
3659.0,89,150
3660.0,89,150
3661.0,89,150
3662.0,89,150
3663.0,89,150
3664.0,89,150
3665.0,89,150
3666.0,89,150
3667.0,89,150
3668.0,89,150
3669.0,89,150
3670.0,89,150
3671.0,89,150
3672.0,89,150
3673.0,89,150
3674.0,89,150
3675.0,89,150
3676.0,89,150
3677.0,89,150
3678.0,89,150
3679.0,89,150
3680.0,89,150
3681.0,89,150
3682.0,89,150
3683.0,89,150
3684.0,89,150
3685.0,89,150
3686.0,89,150
3687.0,89,150
3688.0,89,150
3689.0,89,150
3690.0,89,150
3691.0,89,150
3692.0,89,150
3693.0,89,150
3694.0,89,150
3695.0,89,150
3696.0,89,150
3697.0,89,150
3698.0,89,150
3699.0,89,150
3700.0,89,150
3701.0,89,150
3702.0,89,150
3703.0,89,150
3704.0,89,150
3705.0,89,150
3706.0,89,150
3707.0,89,150
3708.0,89,150
3709.0,89,150
3710.0,89,150
3711.0,89,150
3712.0,89,150
3713.0,89,150
3714.0,89,150
3715.0,89,150
3716.0,89,150
3717.0,89,150
3718.0,89,150
3719.0,89,150
3720.0,89,150
3721.0,89,150
3722.0,89,150
3723.0,89,150
3724.0,89,150
3725.0,89,150
3726.0,89,150
3727.0,89,150
3728.0,89,150
3729.0,89,150
3730.0,89,150
3731.0,89,150
3732.0,89,150
3733.0,89,150
3734.0,89,150
3735.0,89,150
3736.0,89,150
3737.0,89,150
3738.0,89,150
3739.0,89,150
3740.0,89,150
3741.0,89,150
3742.0,89,150
3743.0,89,150
3744.0,89,150
3745.0,89,150
3746.0,89,150
3747.0,89,150
3748.0,89,150
3749.0,89,150
3750.0,89,150
3751.0,89,150
3752.0,89,150
3753.0,89,150
3754.0,89,150
3755.0,89,150
3756.0,89,150
3757.0,89,150
3758.0,89,150
3759.0,89,150
3760.0,89,150
3761.0,89,150
3762.0,89,150
3763.0,89,150
3764.0,89,150
3765.0,89,150
3766.0,89,150
3767.0,89,150
3768.0,89,150
3769.0,89,150
3770.0,89,150
3771.0,89,150
3772.0,89,150
3773.0,89,150
3774.0,89,150
3775.0,89,150
3776.0,89,150
3777.0,89,150
3778.0,89,150
3779.0,89,150
3780.0,89,150
3781.0,89,150
3782.0,89,150
3783.0,89,150
3784.0,89,150
3785.0,89,150
3786.0,89,150
3787.0,89,150
3788.0,89,150
3789.0,89,150
3790.0,89,150
3791.0,89,150
3792.0,89,150
3793.0,89,150
3794.0,89,150
3795.0,89,150
3796.0,89,150
3797.0,89,150
3798.0,89,150
3799.0,89,150
3800.0,89,150
3801.0,89,150
3802.0,89,150
3803.0,89,150
3804.0,89,150
3805.0,89,150
3806.0,89,150
3807.0,89,150
3808.0,89,150
3809.0,89,150
3810.0,89,150
3811.0,89,150
3812.0,89,150
3813.0,89,150
3814.0,89,150
3815.0,89,150
3816.0,89,150
3817.0,89,150
3818.0,89,150
3819.0,89,150
3820.0,89,150
3821.0,89,150
3822.0,89,150
3823.0,89,150
3824.0,89,150
3825.0,89,150
3826.0,89,150
3827.0,89,150
3828.0,89,150
3829.0,89,150
3830.0,89,150
3831.0,89,150
3832.0,89,150
3833.0,89,150
3834.0,89,150
3835.0,89,150
3836.0,89,150
3837.0,89,150
3838.0,89,150
3839.0,89,150
3840.0,89,150
3841.0,89,150
3842.0,89,150
3843.0,89,150
3844.0,89,150
3845.0,89,150
3846.0,89,150
3847.0,89,150
3848.0,89,150
3849.0,89,150
3850.0,89,150
3851.0,89,150
3852.0,89,150
3853.0,89,150
3854.0,89,150
3855.0,89,150
3856.0,89,150
3857.0,89,150
3858.0,89,150
3859.0,89,150
3860.0,89,150
3861.0,89,150
3862.0,89,150
3863.0,89,150
3864.0,89,150
3865.0,89,150
3866.0,89,150
3867.0,89,150
3868.0,89,150
3869.0,89,150
3870.0,89,150
3871.0,89,150
3872.0,89,150
3873.0,89,150
3874.0,89,150
3875.0,89,150
3876.0,89,150
3877.0,89,150
3878.0,89,150
3879.0,89,150
3880.0,89,150
3881.0,89,150
3882.0,89,150
3883.0,89,150
3884.0,89,150
3885.0,89,150
3886.0,89,150
3887.0,89,150
3888.0,89,150
3889.0,89,150
3890.0,89,150
3891.0,89,150
3892.0,89,150
3893.0,89,150
3894.0,89,150
3895.0,89,150
3896.0,89,150
3897.0,89,150
3898.0,89,150
3899.0,89,150
3900.0,89,150
3901.0,89,150
3902.0,89,150
3903.0,89,150
3904.0,89,150
3905.0,89,150
3906.0,89,150
3907.0,89,150
3908.0,89,150
3909.0,89,150
3910.0,89,150
3911.0,89,150
3912.0,89,150
3913.0,89,150
3914.0,89,150
3915.0,89,150
3916.0,89,150
3917.0,89,150
3918.0,89,150
3919.0,89,150
3920.0,89,150
3921.0,89,150
3922.0,89,150
3923.0,89,150
3924.0,89,150
3925.0,89,150
3926.0,89,150
3927.0,89,150
3928.0,89,150
3929.0,89,150
3930.0,89,150
3931.0,89,150
3932.0,89,150
3933.0,89,150
3934.0,89,150
3935.0,89,150
3936.0,89,150
3937.0,89,150
3938.0,89,150
3939.0,89,150
3940.0,89,150
3941.0,89,150
3942.0,89,150
3943.0,89,150
3944.0,89,150
3945.0,89,150
3946.0,89,150
3947.0,89,150
3948.0,89,150
3949.0,89,150
3950.0,89,150
3951.0,89,150
3952.0,89,150
3953.0,89,150
3954.0,89,150
3955.0,89,150
3956.0,89,150
3957.0,89,150
3958.0,89,150
3959.0,89,150
3960.0,89,150
3961.0,89,150
3962.0,89,150
3963.0,89,150
3964.0,89,150
3965.0,89,150
3966.0,89,150
3967.0,89,150
3968.0,89,150
3969.0,89,150
3970.0,89,150
3971.0,89,150
3972.0,89,150
3973.0,89,150
3974.0,89,150
3975.0,89,150
3976.0,89,150
3977.0,89,150
3978.0,89,150
3979.0,89,150
3980.0,89,150
3981.0,89,150
3982.0,89,150
3983.0,89,150
3984.0,89,150
3985.0,89,150
3986.0,89,150
3987.0,89,150
3988.0,89,150
3989.0,89,150
3990.0,89,150
3991.0,89,150
3992.0,89,150
3993.0,89,150
3994.0,89,150
3995.0,89,150
3996.0,89,150
3997.0,89,150
3998.0,89,150
3999.0,89,150
4000.0,89,150
4001.0,89,150
4002.0,89,150
4003.0,89,150
4004.0,89,150
4005.0,89,150
4006.0,89,150
4007.0,89,150
4008.0,89,150
4009.0,89,150
4010.0,89,150
4011.0,89,150
4012.0,89,150
4013.0,89,150
4014.0,89,150
4015.0,89,150
4016.0,89,150
4017.0,89,150
4018.0,89,150
4019.0,89,150
4020.0,89,150
4021.0,89,150
4022.0,89,150
4023.0,89,150
4024.0,89,150
4025.0,89,150
4026.0,89,150
4027.0,89,150
4028.0,89,150
4029.0,89,150
4030.0,89,150
4031.0,89,150
