"tick","Remaining Humans","Remaining Zombies"
1.0,1,150
2.0,2,150
3.0,2,150
4.0,3,150
5.0,4,150
6.0,4,150
7.0,5,150
8.0,5,150
9.0,5,150
10.0,6,150
11.0,7,150
12.0,7,150
13.0,8,150
14.0,8,150
15.0,9,150
16.0,10,150
17.0,11,150
18.0,11,150
19.0,11,150
20.0,12,150
21.0,13,150
22.0,13,150
23.0,14,150
24.0,15,150
25.0,15,150
26.0,15,150
27.0,16,150
28.0,17,150
29.0,17,150
30.0,17,150
31.0,18,150
32.0,18,150
33.0,19,150
34.0,20,150
35.0,20,150
36.0,21,150
37.0,21,150
38.0,22,150
39.0,23,150
40.0,23,150
41.0,24,150
42.0,24,150
43.0,25,150
44.0,25,150
45.0,26,150
46.0,26,150
47.0,27,150
48.0,27,150
49.0,28,150
50.0,28,150
51.0,29,150
52.0,29,150
53.0,30,150
54.0,31,150
55.0,31,150
56.0,31,150
57.0,32,150
58.0,33,150
59.0,33,150
60.0,34,150
61.0,35,150
62.0,35,150
63.0,36,150
64.0,36,150
65.0,36,150
66.0,37,150
67.0,38,150
68.0,38,150
69.0,39,150
70.0,39,150
71.0,39,150
72.0,39,150
73.0,39,150
74.0,39,150
75.0,39,150
76.0,39,150
77.0,39,150
78.0,39,150
79.0,39,150
80.0,39,150
81.0,39,150
82.0,39,150
83.0,39,150
84.0,39,150
85.0,39,150
86.0,39,150
87.0,40,150
88.0,40,150
89.0,41,150
90.0,41,150
91.0,42,150
92.0,42,150
93.0,42,150
94.0,43,150
95.0,44,150
96.0,44,150
97.0,45,150
98.0,46,150
99.0,46,150
100.0,47,150
101.0,47,150
102.0,48,150
103.0,49,150
104.0,49,150
105.0,50,150
106.0,50,150
107.0,51,150
108.0,51,150
109.0,52,150
110.0,52,150
111.0,53,150
112.0,54,150
113.0,54,150
114.0,55,150
115.0,55,150
116.0,55,150
117.0,56,150
118.0,56,150
119.0,57,150
120.0,57,150
121.0,58,150
122.0,58,150
123.0,58,150
124.0,58,150
125.0,58,150
126.0,58,150
127.0,58,150
128.0,58,150
129.0,58,150
130.0,58,150
131.0,58,150
132.0,58,150
133.0,58,150
134.0,58,150
135.0,58,150
136.0,58,150
137.0,58,150
138.0,58,150
139.0,58,150
140.0,59,150
141.0,59,150
142.0,59,150
143.0,59,150
144.0,60,150
145.0,60,150
146.0,60,150
147.0,60,150
148.0,61,150
149.0,61,150
150.0,61,150
151.0,61,150
152.0,61,150
153.0,61,150
154.0,61,150
155.0,61,150
156.0,62,150
157.0,62,150
158.0,62,150
159.0,62,150
160.0,62,150
161.0,62,150
162.0,62,150
163.0,62,150
164.0,62,150
165.0,62,150
166.0,62,150
167.0,62,150
168.0,62,150
169.0,62,150
170.0,62,150
171.0,62,150
172.0,62,150
173.0,62,150
174.0,62,150
175.0,62,150
176.0,62,150
177.0,62,150
178.0,62,150
179.0,62,150
180.0,62,150
181.0,62,150
182.0,62,150
183.0,63,150
184.0,63,150
185.0,64,150
186.0,64,150
187.0,64,150
188.0,64,150
189.0,64,150
190.0,64,150
191.0,64,150
192.0,64,150
193.0,64,150
194.0,64,150
195.0,64,150
196.0,64,150
197.0,65,150
198.0,65,150
199.0,65,150
200.0,66,150
201.0,67,150
202.0,67,150
203.0,67,150
204.0,67,150
205.0,67,150
206.0,67,150
207.0,67,150
208.0,67,150
209.0,67,150
210.0,67,150
211.0,67,150
212.0,67,150
213.0,67,150
214.0,68,150
215.0,68,150
216.0,68,150
217.0,68,150
218.0,68,150
219.0,68,150
220.0,69,150
221.0,69,150
222.0,69,150
223.0,69,150
224.0,69,150
225.0,69,150
226.0,69,150
227.0,69,150
228.0,69,150
229.0,69,150
230.0,69,150
231.0,69,150
232.0,69,150
233.0,69,150
234.0,69,150
235.0,69,150
236.0,70,150
237.0,70,150
238.0,71,150
239.0,71,150
240.0,71,150
241.0,71,150
242.0,71,150
243.0,71,150
244.0,71,150
245.0,71,150
246.0,71,150
247.0,71,150
248.0,71,150
249.0,71,150
250.0,71,150
251.0,71,150
252.0,71,150
253.0,71,150
254.0,71,150
255.0,71,150
256.0,71,150
257.0,71,150
258.0,71,150
259.0,71,150
260.0,71,150
261.0,71,150
262.0,71,150
263.0,71,150
264.0,71,150
265.0,71,150
266.0,71,150
267.0,71,150
268.0,71,150
269.0,71,150
270.0,71,150
271.0,71,150
272.0,71,150
273.0,71,150
274.0,71,150
275.0,71,150
276.0,71,150
277.0,71,150
278.0,71,150
279.0,71,150
280.0,71,150
281.0,71,150
282.0,71,150
283.0,71,150
284.0,71,150
285.0,71,150
286.0,71,150
287.0,71,150
288.0,71,150
289.0,71,150
290.0,71,150
291.0,71,150
292.0,71,150
293.0,71,150
294.0,71,150
295.0,71,150
296.0,71,150
297.0,71,150
298.0,71,150
299.0,71,150
300.0,71,150
301.0,71,150
302.0,71,150
303.0,71,150
304.0,71,150
305.0,71,150
306.0,71,150
307.0,71,150
308.0,71,150
309.0,71,150
310.0,71,150
311.0,71,150
312.0,71,150
313.0,71,150
314.0,71,150
315.0,71,150
316.0,71,150
317.0,71,150
318.0,71,150
319.0,71,150
320.0,71,150
321.0,71,150
322.0,71,150
323.0,71,150
324.0,71,150
325.0,71,150
326.0,71,150
327.0,71,150
328.0,71,150
329.0,71,150
330.0,71,150
331.0,71,150
332.0,71,150
333.0,71,150
334.0,71,150
335.0,71,150
336.0,71,150
337.0,71,150
338.0,71,150
339.0,71,150
340.0,71,150
341.0,71,150
342.0,71,150
343.0,71,150
344.0,71,150
345.0,71,150
346.0,71,150
347.0,71,150
348.0,71,150
349.0,71,150
350.0,71,150
351.0,71,150
352.0,71,150
353.0,71,150
354.0,71,150
355.0,71,150
356.0,71,150
357.0,71,150
358.0,71,150
359.0,71,150
360.0,71,150
361.0,71,150
362.0,71,150
363.0,71,150
364.0,71,150
365.0,71,150
366.0,71,150
367.0,71,150
368.0,71,150
369.0,71,150
370.0,71,150
371.0,71,150
372.0,71,150
373.0,71,150
374.0,71,150
375.0,71,150
376.0,71,150
377.0,71,150
378.0,71,150
379.0,71,150
380.0,71,150
381.0,71,150
382.0,71,150
383.0,71,150
384.0,71,150
385.0,71,150
386.0,71,150
387.0,71,150
388.0,71,150
389.0,71,150
390.0,71,150
391.0,71,150
392.0,71,150
393.0,71,150
394.0,71,150
395.0,71,150
396.0,71,150
397.0,71,150
398.0,71,150
399.0,71,150
400.0,71,150
401.0,71,150
402.0,71,150
403.0,71,150
404.0,71,150
405.0,71,150
406.0,71,150
407.0,71,150
408.0,71,150
409.0,71,150
410.0,71,150
411.0,71,150
412.0,71,150
413.0,71,150
414.0,71,150
415.0,71,150
416.0,71,150
417.0,71,150
418.0,71,150
419.0,71,150
420.0,71,150
421.0,71,150
422.0,71,150
423.0,71,150
424.0,71,150
425.0,71,150
426.0,71,150
427.0,71,150
428.0,71,150
429.0,71,150
430.0,71,150
431.0,71,150
432.0,71,150
433.0,71,150
434.0,71,150
435.0,71,150
436.0,71,150
437.0,71,150
438.0,71,150
439.0,71,150
440.0,71,150
441.0,71,150
442.0,71,150
443.0,71,150
444.0,71,150
445.0,71,150
446.0,71,150
447.0,71,150
448.0,71,150
449.0,71,150
450.0,71,150
451.0,71,150
452.0,71,150
453.0,71,150
454.0,71,150
455.0,71,150
456.0,71,150
457.0,71,150
458.0,71,150
459.0,71,150
460.0,71,150
461.0,71,150
462.0,71,150
463.0,71,150
464.0,71,150
465.0,71,150
466.0,71,150
467.0,71,150
468.0,71,150
469.0,71,150
470.0,71,150
471.0,71,150
472.0,71,150
473.0,71,150
474.0,71,150
475.0,71,150
476.0,71,150
477.0,71,150
478.0,71,150
479.0,71,150
480.0,71,150
481.0,71,150
482.0,71,150
483.0,71,150
484.0,71,150
485.0,71,150
486.0,71,150
487.0,71,150
488.0,71,150
489.0,71,150
490.0,71,150
491.0,71,150
492.0,71,150
493.0,71,150
494.0,71,150
495.0,71,150
496.0,71,150
497.0,71,150
498.0,71,150
499.0,71,150
500.0,71,150
501.0,71,150
502.0,71,150
503.0,71,150
504.0,71,150
505.0,71,150
506.0,71,150
507.0,71,150
508.0,71,150
509.0,71,150
510.0,71,150
511.0,71,150
512.0,71,150
513.0,71,150
514.0,71,150
515.0,71,150
516.0,71,150
517.0,71,150
518.0,71,150
519.0,71,150
520.0,71,150
521.0,71,150
522.0,71,150
523.0,71,150
524.0,71,150
525.0,71,150
526.0,71,150
527.0,71,150
528.0,71,150
529.0,71,150
530.0,71,150
531.0,71,150
532.0,71,150
533.0,71,150
534.0,71,150
535.0,71,150
536.0,71,150
537.0,71,150
538.0,71,150
539.0,71,150
540.0,71,150
541.0,71,150
542.0,71,150
543.0,71,150
544.0,71,150
545.0,71,150
546.0,71,150
547.0,71,150
548.0,71,150
549.0,71,150
550.0,71,150
551.0,71,150
552.0,71,150
553.0,71,150
554.0,71,150
555.0,71,150
556.0,71,150
557.0,71,150
558.0,71,150
559.0,71,150
560.0,71,150
561.0,71,150
562.0,71,150
563.0,71,150
564.0,71,150
565.0,71,150
566.0,71,150
567.0,71,150
568.0,71,150
569.0,71,150
570.0,71,150
571.0,71,150
572.0,71,150
573.0,71,150
574.0,71,150
575.0,71,150
576.0,71,150
577.0,71,150
578.0,71,150
579.0,71,150
580.0,71,150
581.0,71,150
582.0,71,150
583.0,71,150
584.0,71,150
585.0,71,150
586.0,71,150
587.0,71,150
588.0,71,150
589.0,71,150
590.0,71,150
591.0,71,150
592.0,71,150
593.0,71,150
594.0,71,150
595.0,71,150
596.0,71,150
597.0,71,150
598.0,71,150
599.0,71,150
600.0,71,150
601.0,71,150
602.0,71,150
603.0,71,150
604.0,71,150
605.0,71,150
606.0,71,150
607.0,71,150
608.0,71,150
609.0,71,150
610.0,71,150
611.0,71,150
612.0,71,150
613.0,71,150
614.0,71,150
615.0,71,150
616.0,71,150
617.0,71,150
618.0,71,150
619.0,71,150
620.0,71,150
621.0,71,150
622.0,71,150
623.0,71,150
624.0,71,150
625.0,71,150
626.0,71,150
627.0,71,150
628.0,71,150
629.0,71,150
630.0,71,150
631.0,71,150
632.0,71,150
633.0,71,150
634.0,71,150
635.0,71,150
636.0,71,150
637.0,71,150
638.0,71,150
639.0,71,150
640.0,71,150
641.0,71,150
642.0,71,150
643.0,71,150
644.0,71,150
645.0,71,150
646.0,71,150
647.0,71,150
648.0,71,150
649.0,71,150
650.0,71,150
651.0,71,150
652.0,71,150
653.0,71,150
654.0,71,150
655.0,71,150
656.0,71,150
657.0,71,150
658.0,71,150
659.0,71,150
660.0,71,150
661.0,71,150
662.0,71,150
663.0,71,150
664.0,71,150
665.0,71,150
666.0,71,150
667.0,71,150
668.0,71,150
669.0,71,150
670.0,71,150
671.0,71,150
672.0,71,150
673.0,71,150
674.0,71,150
675.0,71,150
676.0,71,150
677.0,71,150
678.0,71,150
679.0,71,150
680.0,71,150
681.0,71,150
682.0,71,150
683.0,71,150
684.0,71,150
685.0,71,150
686.0,71,150
687.0,71,150
688.0,71,150
689.0,71,150
690.0,71,150
691.0,71,150
692.0,71,150
693.0,71,150
694.0,71,150
695.0,71,150
696.0,71,150
697.0,71,150
698.0,71,150
699.0,71,150
700.0,71,150
701.0,71,150
702.0,71,150
703.0,71,150
704.0,71,150
705.0,71,150
706.0,71,150
707.0,71,150
708.0,71,150
709.0,71,150
710.0,71,150
711.0,71,150
712.0,71,150
713.0,71,150
714.0,71,150
715.0,71,150
716.0,71,150
717.0,71,150
718.0,71,150
719.0,71,150
720.0,71,150
721.0,71,150
722.0,71,150
723.0,71,150
724.0,71,150
725.0,71,150
726.0,71,150
727.0,71,150
728.0,71,150
729.0,71,150
730.0,71,150
731.0,71,150
732.0,71,150
733.0,71,150
734.0,71,150
735.0,71,150
736.0,71,150
737.0,71,150
738.0,71,150
739.0,71,150
740.0,71,150
741.0,71,150
742.0,71,150
743.0,71,150
744.0,71,150
745.0,71,150
746.0,71,150
747.0,71,150
748.0,71,150
749.0,71,150
750.0,71,150
751.0,71,150
752.0,71,150
753.0,71,150
754.0,71,150
755.0,71,150
756.0,71,150
757.0,71,150
758.0,71,150
759.0,71,150
760.0,71,150
761.0,71,150
762.0,71,150
763.0,71,150
764.0,71,150
765.0,71,150
766.0,71,150
767.0,71,150
768.0,71,150
769.0,71,150
770.0,71,150
771.0,71,150
772.0,71,150
773.0,71,150
774.0,71,150
775.0,71,150
776.0,71,150
777.0,71,150
778.0,71,150
779.0,71,150
780.0,71,150
781.0,71,150
782.0,71,150
783.0,71,150
784.0,71,150
785.0,71,150
786.0,71,150
787.0,71,150
788.0,71,150
789.0,71,150
790.0,71,150
791.0,71,150
792.0,71,150
793.0,71,150
794.0,71,150
795.0,71,150
796.0,71,150
797.0,71,150
798.0,71,150
799.0,71,150
800.0,71,150
801.0,71,150
802.0,71,150
803.0,71,150
804.0,71,150
805.0,71,150
806.0,71,150
807.0,71,150
808.0,71,150
809.0,71,150
810.0,71,150
811.0,71,150
812.0,71,150
813.0,71,150
814.0,71,150
815.0,71,150
816.0,71,150
817.0,71,150
818.0,71,150
819.0,71,150
820.0,71,150
821.0,71,150
822.0,71,150
823.0,71,150
824.0,71,150
825.0,71,150
826.0,71,150
827.0,71,150
828.0,71,150
829.0,71,150
830.0,71,150
831.0,71,150
832.0,71,150
833.0,71,150
834.0,71,150
835.0,71,150
836.0,71,150
837.0,71,150
838.0,71,150
839.0,71,150
840.0,71,150
841.0,71,150
842.0,71,150
843.0,71,150
844.0,71,150
845.0,71,150
846.0,71,150
847.0,71,150
848.0,71,150
849.0,71,150
850.0,71,150
851.0,71,150
852.0,71,150
853.0,71,150
854.0,71,150
855.0,71,150
856.0,71,150
857.0,71,150
858.0,71,150
859.0,71,150
860.0,71,150
861.0,71,150
862.0,71,150
863.0,71,150
864.0,71,150
865.0,71,150
866.0,71,150
867.0,71,150
868.0,71,150
869.0,71,150
870.0,71,150
871.0,71,150
872.0,71,150
873.0,71,150
874.0,71,150
875.0,71,150
876.0,71,150
877.0,71,150
878.0,71,150
879.0,71,150
880.0,71,150
881.0,71,150
882.0,71,150
883.0,71,150
884.0,71,150
885.0,71,150
886.0,71,150
887.0,71,150
888.0,71,150
889.0,71,150
890.0,71,150
891.0,71,150
892.0,71,150
893.0,71,150
894.0,71,150
895.0,71,150
896.0,71,150
897.0,71,150
898.0,71,150
899.0,71,150
900.0,71,150
901.0,71,150
902.0,71,150
903.0,71,150
904.0,71,150
905.0,71,150
906.0,71,150
907.0,71,150
908.0,71,150
909.0,71,150
910.0,71,150
911.0,71,150
912.0,71,150
913.0,71,150
914.0,71,150
915.0,71,150
916.0,71,150
917.0,71,150
918.0,71,150
919.0,71,150
920.0,71,150
921.0,71,150
922.0,71,150
923.0,71,150
924.0,71,150
925.0,71,150
926.0,71,150
927.0,71,150
928.0,71,150
929.0,71,150
930.0,71,150
931.0,71,150
932.0,71,150
933.0,71,150
934.0,71,150
935.0,71,150
936.0,71,150
937.0,71,150
938.0,71,150
939.0,71,150
940.0,71,150
941.0,71,150
942.0,71,150
943.0,71,150
944.0,71,150
945.0,71,150
946.0,71,150
947.0,71,150
948.0,71,150
949.0,71,150
950.0,71,150
951.0,71,150
952.0,71,150
953.0,71,150
954.0,71,150
955.0,71,150
956.0,71,150
957.0,71,150
958.0,71,150
959.0,71,150
960.0,71,150
961.0,71,150
962.0,71,150
963.0,71,150
964.0,71,150
965.0,71,150
966.0,71,150
967.0,71,150
968.0,71,150
969.0,71,150
970.0,71,150
971.0,71,150
972.0,71,150
973.0,71,150
974.0,71,150
975.0,71,150
976.0,71,150
977.0,71,150
978.0,71,150
979.0,71,150
980.0,71,150
981.0,71,150
982.0,71,150
983.0,71,150
984.0,71,150
985.0,71,150
986.0,71,150
987.0,71,150
988.0,71,150
989.0,71,150
990.0,71,150
991.0,71,150
992.0,71,150
993.0,71,150
994.0,71,150
995.0,71,150
996.0,71,150
997.0,71,150
998.0,71,150
999.0,71,150
1000.0,71,150
1001.0,71,150
1002.0,71,150
1003.0,71,150
1004.0,71,150
1005.0,71,150
1006.0,71,150
1007.0,71,150
1008.0,71,150
1009.0,71,150
1010.0,71,150
1011.0,71,150
1012.0,71,150
1013.0,71,150
1014.0,71,150
1015.0,71,150
1016.0,71,150
1017.0,71,150
1018.0,71,150
1019.0,71,150
1020.0,71,150
1021.0,71,150
1022.0,71,150
1023.0,71,150
1024.0,71,150
1025.0,71,150
1026.0,71,150
1027.0,71,150
1028.0,71,150
1029.0,71,150
1030.0,71,150
1031.0,71,150
1032.0,71,150
1033.0,71,150
1034.0,71,150
1035.0,71,150
1036.0,71,150
1037.0,71,150
1038.0,71,150
1039.0,71,150
1040.0,71,150
1041.0,71,150
1042.0,71,150
1043.0,71,150
1044.0,71,150
1045.0,71,150
1046.0,71,150
1047.0,71,150
1048.0,71,150
1049.0,71,150
1050.0,71,150
1051.0,71,150
1052.0,71,150
1053.0,71,150
1054.0,71,150
1055.0,71,150
1056.0,71,150
1057.0,71,150
1058.0,71,150
1059.0,71,150
1060.0,71,150
1061.0,71,150
1062.0,71,150
1063.0,71,150
1064.0,71,150
1065.0,71,150
1066.0,71,150
1067.0,71,150
1068.0,71,150
1069.0,71,150
1070.0,71,150
1071.0,71,150
1072.0,71,150
1073.0,71,150
1074.0,71,150
1075.0,71,150
1076.0,71,150
1077.0,71,150
1078.0,71,150
1079.0,71,150
1080.0,71,150
1081.0,71,150
1082.0,71,150
1083.0,71,150
1084.0,71,150
1085.0,71,150
1086.0,71,150
1087.0,71,150
1088.0,71,150
1089.0,71,150
1090.0,71,150
1091.0,71,150
1092.0,71,150
1093.0,71,150
1094.0,71,150
1095.0,71,150
1096.0,71,150
1097.0,71,150
1098.0,71,150
1099.0,71,150
1100.0,71,150
1101.0,71,150
1102.0,71,150
1103.0,71,150
1104.0,71,150
1105.0,71,150
1106.0,71,150
1107.0,71,150
1108.0,71,150
1109.0,71,150
1110.0,71,150
1111.0,71,150
1112.0,71,150
1113.0,71,150
1114.0,71,150
1115.0,71,150
1116.0,71,150
1117.0,71,150
1118.0,71,150
1119.0,71,150
1120.0,71,150
1121.0,71,150
1122.0,71,150
1123.0,71,150
1124.0,71,150
1125.0,71,150
1126.0,71,150
1127.0,71,150
1128.0,71,150
1129.0,71,150
1130.0,71,150
1131.0,71,150
1132.0,71,150
1133.0,71,150
1134.0,71,150
1135.0,71,150
1136.0,71,150
1137.0,71,150
1138.0,71,150
1139.0,71,150
1140.0,71,150
1141.0,71,150
1142.0,71,150
1143.0,71,150
1144.0,71,150
1145.0,71,150
1146.0,71,150
1147.0,71,150
1148.0,71,150
1149.0,71,150
1150.0,71,150
1151.0,71,150
1152.0,71,150
1153.0,71,150
1154.0,71,150
1155.0,71,150
1156.0,71,150
1157.0,71,150
1158.0,71,150
1159.0,71,150
1160.0,71,150
1161.0,71,150
1162.0,71,150
1163.0,71,150
1164.0,71,150
1165.0,71,150
1166.0,71,150
1167.0,71,150
1168.0,71,150
1169.0,71,150
1170.0,71,150
1171.0,71,150
1172.0,71,150
1173.0,71,150
1174.0,71,150
1175.0,71,150
1176.0,71,150
1177.0,71,150
1178.0,71,150
1179.0,71,150
1180.0,71,150
1181.0,71,150
1182.0,71,150
1183.0,71,150
1184.0,71,150
1185.0,71,150
1186.0,71,150
1187.0,71,150
1188.0,71,150
1189.0,71,150
1190.0,71,150
1191.0,71,150
1192.0,71,150
1193.0,71,150
1194.0,71,150
1195.0,71,150
1196.0,71,150
1197.0,71,150
1198.0,71,150
1199.0,71,150
1200.0,71,150
1201.0,71,150
1202.0,71,150
1203.0,71,150
1204.0,71,150
1205.0,71,150
1206.0,71,150
1207.0,71,150
1208.0,71,150
1209.0,71,150
1210.0,71,150
1211.0,71,150
1212.0,71,150
1213.0,71,150
1214.0,71,150
1215.0,71,150
1216.0,71,150
1217.0,71,150
1218.0,71,150
1219.0,71,150
1220.0,71,150
1221.0,71,150
1222.0,71,150
1223.0,71,150
1224.0,71,150
1225.0,71,150
1226.0,71,150
1227.0,71,150
1228.0,71,150
1229.0,71,150
1230.0,71,150
1231.0,71,150
1232.0,71,150
1233.0,71,150
1234.0,71,150
1235.0,71,150
1236.0,71,150
1237.0,71,150
1238.0,71,150
1239.0,71,150
1240.0,71,150
1241.0,71,150
1242.0,71,150
1243.0,71,150
1244.0,71,150
1245.0,71,150
1246.0,71,150
1247.0,71,150
1248.0,71,150
1249.0,71,150
1250.0,71,150
1251.0,71,150
1252.0,71,150
1253.0,71,150
1254.0,71,150
1255.0,71,150
1256.0,71,150
1257.0,71,150
1258.0,71,150
1259.0,71,150
1260.0,71,150
1261.0,71,150
1262.0,71,150
1263.0,71,150
1264.0,71,150
1265.0,71,150
1266.0,71,150
1267.0,71,150
1268.0,71,150
1269.0,71,150
1270.0,71,150
1271.0,71,150
1272.0,71,150
1273.0,71,150
1274.0,71,150
1275.0,71,150
1276.0,71,150
1277.0,71,150
1278.0,71,150
1279.0,71,150
1280.0,71,150
1281.0,71,150
1282.0,71,150
1283.0,71,150
1284.0,71,150
1285.0,71,150
1286.0,71,150
1287.0,71,150
1288.0,71,150
1289.0,71,150
1290.0,71,150
1291.0,71,150
1292.0,71,150
1293.0,71,150
1294.0,71,150
1295.0,71,150
1296.0,71,150
1297.0,71,150
1298.0,71,150
1299.0,71,150
1300.0,71,150
1301.0,71,150
1302.0,71,150
1303.0,71,150
1304.0,71,150
1305.0,71,150
1306.0,71,150
1307.0,71,150
1308.0,71,150
1309.0,71,150
1310.0,71,150
1311.0,71,150
1312.0,71,150
1313.0,71,150
1314.0,71,150
1315.0,71,150
1316.0,71,150
1317.0,71,150
1318.0,71,150
1319.0,71,150
1320.0,71,150
1321.0,71,150
1322.0,71,150
1323.0,71,150
1324.0,71,150
1325.0,71,150
1326.0,71,150
1327.0,71,150
1328.0,71,150
1329.0,71,150
1330.0,71,150
1331.0,71,150
1332.0,71,150
1333.0,71,150
1334.0,71,150
1335.0,71,150
1336.0,71,150
1337.0,71,150
1338.0,71,150
1339.0,71,150
1340.0,71,150
1341.0,71,150
1342.0,71,150
1343.0,71,150
1344.0,71,150
1345.0,71,150
1346.0,71,150
1347.0,71,150
1348.0,71,150
1349.0,71,150
1350.0,71,150
1351.0,71,150
1352.0,71,150
1353.0,71,150
1354.0,71,150
1355.0,71,150
1356.0,71,150
1357.0,71,150
1358.0,71,150
1359.0,71,150
1360.0,71,150
1361.0,71,150
1362.0,71,150
1363.0,71,150
1364.0,71,150
1365.0,71,150
1366.0,71,150
1367.0,71,150
1368.0,71,150
1369.0,71,150
1370.0,71,150
1371.0,71,150
1372.0,71,150
1373.0,71,150
1374.0,71,150
1375.0,71,150
1376.0,71,150
1377.0,71,150
1378.0,71,150
1379.0,71,150
1380.0,71,150
1381.0,71,150
1382.0,71,150
1383.0,71,150
1384.0,71,150
1385.0,71,150
1386.0,71,150
1387.0,71,150
1388.0,71,150
1389.0,71,150
1390.0,71,150
1391.0,71,150
1392.0,71,150
1393.0,71,150
1394.0,71,150
1395.0,71,150
1396.0,71,150
1397.0,71,150
1398.0,71,150
1399.0,71,150
1400.0,71,150
1401.0,71,150
1402.0,71,150
1403.0,71,150
1404.0,71,150
1405.0,71,150
1406.0,71,150
1407.0,71,150
1408.0,71,150
1409.0,71,150
1410.0,71,150
1411.0,71,150
1412.0,71,150
1413.0,71,150
1414.0,71,150
1415.0,71,150
1416.0,71,150
1417.0,71,150
1418.0,71,150
1419.0,71,150
1420.0,71,150
1421.0,71,150
1422.0,71,150
1423.0,71,150
1424.0,71,150
1425.0,71,150
1426.0,71,150
1427.0,71,150
1428.0,71,150
1429.0,71,150
1430.0,71,150
1431.0,71,150
1432.0,71,150
1433.0,71,150
1434.0,71,150
1435.0,71,150
1436.0,71,150
1437.0,71,150
1438.0,71,150
1439.0,71,150
1440.0,71,150
1441.0,71,150
1442.0,71,150
1443.0,71,150
1444.0,71,150
1445.0,71,150
1446.0,71,150
1447.0,71,150
1448.0,71,150
1449.0,71,150
1450.0,71,150
1451.0,71,150
1452.0,71,150
1453.0,71,150
1454.0,71,150
1455.0,71,150
1456.0,71,150
1457.0,71,150
1458.0,71,150
1459.0,71,150
1460.0,71,150
1461.0,71,150
1462.0,71,150
1463.0,71,150
1464.0,71,150
1465.0,71,150
1466.0,71,150
1467.0,71,150
1468.0,71,150
1469.0,71,150
1470.0,71,150
1471.0,71,150
1472.0,71,150
1473.0,71,150
1474.0,71,150
1475.0,71,150
1476.0,71,150
1477.0,71,150
1478.0,71,150
1479.0,71,150
1480.0,71,150
1481.0,71,150
1482.0,71,150
1483.0,71,150
1484.0,71,150
1485.0,71,150
1486.0,71,150
1487.0,71,150
1488.0,71,150
1489.0,71,150
1490.0,71,150
1491.0,71,150
1492.0,71,150
1493.0,71,150
1494.0,71,150
1495.0,71,150
1496.0,71,150
1497.0,71,150
1498.0,71,150
1499.0,71,150
1500.0,71,150
1501.0,71,150
1502.0,71,150
1503.0,71,150
1504.0,71,150
1505.0,71,150
1506.0,71,150
1507.0,71,150
1508.0,71,150
1509.0,71,150
1510.0,71,150
1511.0,71,150
1512.0,71,150
1513.0,71,150
1514.0,71,150
1515.0,71,150
1516.0,71,150
1517.0,71,150
1518.0,71,150
1519.0,71,150
1520.0,71,150
1521.0,71,150
1522.0,71,150
1523.0,71,150
1524.0,71,150
1525.0,71,150
1526.0,71,150
1527.0,71,150
1528.0,71,150
1529.0,71,150
1530.0,71,150
1531.0,71,150
1532.0,71,150
1533.0,71,150
1534.0,71,150
1535.0,71,150
1536.0,71,150
1537.0,71,150
1538.0,71,150
1539.0,71,150
1540.0,71,150
1541.0,71,150
1542.0,71,150
1543.0,71,150
1544.0,71,150
1545.0,71,150
1546.0,71,150
1547.0,71,150
1548.0,71,150
1549.0,71,150
1550.0,71,150
1551.0,71,150
1552.0,71,150
1553.0,71,150
1554.0,71,150
1555.0,71,150
1556.0,71,150
1557.0,71,150
1558.0,71,150
1559.0,71,150
1560.0,71,150
1561.0,71,150
1562.0,71,150
1563.0,71,150
1564.0,71,150
1565.0,71,150
1566.0,71,150
1567.0,71,150
1568.0,71,150
1569.0,71,150
1570.0,71,150
1571.0,71,150
1572.0,71,150
1573.0,71,150
1574.0,71,150
1575.0,71,150
1576.0,71,150
1577.0,71,150
1578.0,71,150
1579.0,71,150
1580.0,71,150
1581.0,71,150
1582.0,71,150
1583.0,71,150
1584.0,71,150
1585.0,71,150
1586.0,71,150
1587.0,71,150
1588.0,71,150
1589.0,71,150
1590.0,71,150
1591.0,71,150
1592.0,71,150
1593.0,71,150
1594.0,71,150
1595.0,71,150
1596.0,71,150
1597.0,71,150
1598.0,71,150
1599.0,71,150
1600.0,71,150
1601.0,71,150
1602.0,71,150
1603.0,71,150
1604.0,71,150
1605.0,71,150
1606.0,71,150
1607.0,71,150
1608.0,71,150
1609.0,71,150
1610.0,71,150
1611.0,71,150
1612.0,71,150
1613.0,71,150
1614.0,71,150
1615.0,71,150
1616.0,71,150
1617.0,71,150
1618.0,71,150
1619.0,71,150
1620.0,71,150
1621.0,71,150
1622.0,71,150
1623.0,71,150
1624.0,71,150
1625.0,71,150
1626.0,71,150
1627.0,71,150
1628.0,71,150
1629.0,71,150
1630.0,71,150
1631.0,71,150
1632.0,71,150
1633.0,71,150
1634.0,71,150
1635.0,71,150
1636.0,71,150
1637.0,71,150
1638.0,71,150
1639.0,71,150
1640.0,71,150
1641.0,71,150
1642.0,71,150
1643.0,71,150
1644.0,71,150
1645.0,71,150
1646.0,71,150
1647.0,71,150
1648.0,71,150
1649.0,71,150
1650.0,71,150
1651.0,71,150
1652.0,71,150
1653.0,71,150
1654.0,71,150
1655.0,71,150
1656.0,71,150
1657.0,71,150
1658.0,71,150
1659.0,71,150
1660.0,71,150
1661.0,71,150
1662.0,71,150
1663.0,71,150
1664.0,71,150
1665.0,71,150
1666.0,71,150
1667.0,71,150
1668.0,71,150
1669.0,71,150
1670.0,71,150
1671.0,71,150
1672.0,71,150
1673.0,71,150
1674.0,71,150
1675.0,71,150
1676.0,71,150
1677.0,71,150
1678.0,71,150
1679.0,71,150
1680.0,71,150
1681.0,71,150
1682.0,71,150
1683.0,71,150
1684.0,71,150
1685.0,71,150
1686.0,71,150
1687.0,71,150
1688.0,71,150
1689.0,71,150
1690.0,71,150
1691.0,71,150
1692.0,71,150
1693.0,71,150
1694.0,71,150
1695.0,71,150
1696.0,71,150
1697.0,71,150
1698.0,71,150
1699.0,71,150
1700.0,71,150
1701.0,71,150
1702.0,71,150
1703.0,71,150
1704.0,71,150
1705.0,71,150
1706.0,71,150
1707.0,71,150
1708.0,71,150
1709.0,71,150
1710.0,71,150
1711.0,71,150
1712.0,71,150
1713.0,71,150
1714.0,71,150
1715.0,71,150
1716.0,71,150
1717.0,71,150
1718.0,71,150
1719.0,71,150
1720.0,71,150
1721.0,71,150
1722.0,71,150
1723.0,71,150
1724.0,71,150
1725.0,71,150
1726.0,71,150
1727.0,71,150
1728.0,71,150
1729.0,71,150
1730.0,71,150
1731.0,71,150
1732.0,71,150
1733.0,71,150
1734.0,71,150
1735.0,71,150
1736.0,71,150
1737.0,71,150
1738.0,71,150
1739.0,71,150
1740.0,71,150
1741.0,71,150
1742.0,71,150
1743.0,71,150
1744.0,71,150
1745.0,71,150
1746.0,71,150
1747.0,71,150
1748.0,71,150
1749.0,71,150
1750.0,71,150
1751.0,71,150
1752.0,71,150
1753.0,71,150
1754.0,71,150
1755.0,71,150
1756.0,71,150
1757.0,71,150
1758.0,71,150
1759.0,71,150
1760.0,71,150
1761.0,71,150
1762.0,71,150
1763.0,71,150
1764.0,71,150
1765.0,71,150
1766.0,71,150
1767.0,71,150
1768.0,71,150
1769.0,71,150
1770.0,71,150
1771.0,71,150
1772.0,71,150
1773.0,71,150
1774.0,71,150
1775.0,71,150
1776.0,71,150
1777.0,71,150
1778.0,71,150
1779.0,71,150
1780.0,71,150
1781.0,71,150
1782.0,71,150
1783.0,71,150
1784.0,71,150
1785.0,71,150
1786.0,71,150
1787.0,71,150
1788.0,71,150
1789.0,71,150
1790.0,71,150
1791.0,71,150
1792.0,71,150
1793.0,71,150
1794.0,71,150
1795.0,71,150
1796.0,71,150
1797.0,71,150
1798.0,71,150
1799.0,71,150
1800.0,71,150
1801.0,71,150
1802.0,71,150
1803.0,71,150
1804.0,71,150
1805.0,71,150
1806.0,71,150
1807.0,71,150
1808.0,71,150
1809.0,71,150
1810.0,71,150
1811.0,71,150
1812.0,71,150
1813.0,71,150
1814.0,71,150
1815.0,71,150
1816.0,71,150
1817.0,71,150
1818.0,71,150
1819.0,71,150
1820.0,71,150
1821.0,71,150
1822.0,71,150
1823.0,71,150
1824.0,71,150
1825.0,71,150
1826.0,71,150
1827.0,71,150
1828.0,71,150
1829.0,71,150
1830.0,71,150
1831.0,71,150
1832.0,71,150
1833.0,71,150
1834.0,71,150
1835.0,71,150
1836.0,71,150
1837.0,71,150
1838.0,71,150
1839.0,71,150
1840.0,71,150
1841.0,71,150
1842.0,71,150
1843.0,71,150
1844.0,71,150
1845.0,71,150
1846.0,71,150
1847.0,71,150
1848.0,71,150
1849.0,71,150
1850.0,71,150
1851.0,71,150
1852.0,71,150
1853.0,71,150
1854.0,71,150
1855.0,71,150
1856.0,71,150
1857.0,71,150
1858.0,71,150
1859.0,71,150
1860.0,71,150
1861.0,71,150
1862.0,71,150
1863.0,71,150
1864.0,71,150
1865.0,71,150
1866.0,71,150
1867.0,71,150
1868.0,71,150
1869.0,71,150
1870.0,71,150
1871.0,71,150
1872.0,71,150
1873.0,71,150
1874.0,71,150
1875.0,71,150
1876.0,71,150
1877.0,71,150
1878.0,71,150
1879.0,71,150
1880.0,71,150
1881.0,71,150
1882.0,71,150
1883.0,71,150
1884.0,71,150
1885.0,71,150
1886.0,71,150
1887.0,71,150
1888.0,71,150
1889.0,71,150
1890.0,71,150
1891.0,71,150
1892.0,71,150
1893.0,71,150
1894.0,71,150
1895.0,71,150
1896.0,71,150
1897.0,71,150
1898.0,71,150
1899.0,71,150
1900.0,71,150
1901.0,71,150
1902.0,71,150
1903.0,71,150
1904.0,71,150
1905.0,71,150
1906.0,71,150
1907.0,71,150
1908.0,71,150
1909.0,71,150
1910.0,71,150
1911.0,71,150
1912.0,71,150
1913.0,71,150
1914.0,71,150
1915.0,71,150
1916.0,71,150
1917.0,71,150
1918.0,71,150
1919.0,71,150
1920.0,71,150
1921.0,71,150
1922.0,71,150
1923.0,71,150
1924.0,71,150
1925.0,71,150
1926.0,71,150
1927.0,71,150
1928.0,71,150
1929.0,71,150
1930.0,71,150
1931.0,71,150
1932.0,71,150
1933.0,71,150
1934.0,71,150
1935.0,71,150
1936.0,71,150
1937.0,71,150
1938.0,71,150
1939.0,71,150
1940.0,71,150
1941.0,71,150
1942.0,71,150
1943.0,71,150
1944.0,71,150
1945.0,71,150
1946.0,71,150
1947.0,71,150
1948.0,71,150
1949.0,71,150
1950.0,71,150
1951.0,71,150
1952.0,71,150
1953.0,71,150
1954.0,71,150
1955.0,71,150
1956.0,71,150
1957.0,71,150
1958.0,71,150
1959.0,71,150
1960.0,71,150
1961.0,71,150
1962.0,71,150
1963.0,71,150
1964.0,71,150
1965.0,71,150
1966.0,71,150
1967.0,71,150
1968.0,71,150
1969.0,71,150
1970.0,71,150
1971.0,71,150
1972.0,71,150
1973.0,71,150
1974.0,71,150
1975.0,71,150
1976.0,71,150
1977.0,71,150
1978.0,71,150
1979.0,71,150
1980.0,71,150
1981.0,71,150
1982.0,71,150
1983.0,71,150
1984.0,71,150
1985.0,71,150
1986.0,71,150
1987.0,71,150
1988.0,71,150
1989.0,71,150
1990.0,71,150
1991.0,71,150
1992.0,71,150
1993.0,71,150
1994.0,71,150
1995.0,71,150
1996.0,71,150
1997.0,71,150
1998.0,71,150
1999.0,71,150
2000.0,71,150
2001.0,71,150
2002.0,71,150
2003.0,71,150
2004.0,71,150
2005.0,71,150
2006.0,71,150
2007.0,71,150
2008.0,71,150
2009.0,71,150
2010.0,71,150
2011.0,71,150
2012.0,71,150
2013.0,71,150
2014.0,71,150
2015.0,71,150
2016.0,71,150
2017.0,71,150
2018.0,71,150
2019.0,71,150
2020.0,71,150
2021.0,71,150
2022.0,71,150
2023.0,71,150
2024.0,71,150
2025.0,71,150
2026.0,71,150
2027.0,71,150
2028.0,71,150
2029.0,71,150
2030.0,71,150
2031.0,71,150
2032.0,71,150
2033.0,71,150
2034.0,71,150
2035.0,71,150
2036.0,71,150
2037.0,71,150
2038.0,71,150
2039.0,71,150
2040.0,71,150
2041.0,71,150
2042.0,71,150
2043.0,71,150
2044.0,71,150
2045.0,71,150
2046.0,71,150
2047.0,71,150
2048.0,71,150
2049.0,71,150
2050.0,71,150
2051.0,71,150
2052.0,71,150
2053.0,71,150
2054.0,71,150
2055.0,71,150
2056.0,71,150
2057.0,71,150
2058.0,71,150
2059.0,71,150
2060.0,71,150
2061.0,71,150
2062.0,71,150
2063.0,71,150
2064.0,71,150
2065.0,71,150
2066.0,71,150
2067.0,71,150
2068.0,71,150
2069.0,71,150
2070.0,71,150
2071.0,71,150
2072.0,71,150
2073.0,71,150
2074.0,71,150
2075.0,71,150
2076.0,71,150
2077.0,71,150
2078.0,71,150
2079.0,71,150
2080.0,71,150
2081.0,71,150
2082.0,71,150
2083.0,71,150
2084.0,71,150
2085.0,71,150
2086.0,71,150
2087.0,71,150
2088.0,71,150
2089.0,71,150
2090.0,71,150
2091.0,71,150
2092.0,71,150
2093.0,71,150
2094.0,71,150
2095.0,71,150
2096.0,71,150
2097.0,71,150
2098.0,71,150
2099.0,71,150
2100.0,71,150
2101.0,71,150
2102.0,71,150
2103.0,71,150
2104.0,71,150
2105.0,71,150
2106.0,71,150
2107.0,71,150
2108.0,71,150
2109.0,71,150
2110.0,71,150
2111.0,71,150
2112.0,71,150
2113.0,71,150
2114.0,71,150
2115.0,71,150
2116.0,71,150
2117.0,71,150
2118.0,71,150
2119.0,71,150
2120.0,71,150
2121.0,71,150
2122.0,71,150
2123.0,71,150
2124.0,71,150
2125.0,71,150
2126.0,71,150
2127.0,71,150
2128.0,71,150
2129.0,71,150
2130.0,71,150
2131.0,71,150
2132.0,71,150
2133.0,71,150
2134.0,71,150
2135.0,71,150
2136.0,71,150
2137.0,71,150
2138.0,71,150
2139.0,71,150
2140.0,71,150
2141.0,71,150
2142.0,71,150
2143.0,71,150
2144.0,71,150
2145.0,71,150
2146.0,71,150
2147.0,71,150
2148.0,71,150
2149.0,71,150
2150.0,71,150
2151.0,71,150
2152.0,71,150
2153.0,71,150
2154.0,71,150
2155.0,71,150
2156.0,71,150
2157.0,71,150
2158.0,71,150
2159.0,71,150
2160.0,71,150
2161.0,71,150
2162.0,71,150
2163.0,71,150
2164.0,71,150
2165.0,71,150
2166.0,71,150
2167.0,71,150
2168.0,71,150
2169.0,71,150
2170.0,71,150
2171.0,71,150
2172.0,71,150
2173.0,71,150
2174.0,71,150
2175.0,71,150
2176.0,71,150
2177.0,71,150
2178.0,71,150
2179.0,71,150
2180.0,71,150
2181.0,71,150
2182.0,71,150
2183.0,71,150
2184.0,71,150
2185.0,71,150
2186.0,71,150
2187.0,71,150
2188.0,71,150
2189.0,71,150
2190.0,71,150
2191.0,71,150
2192.0,71,150
2193.0,71,150
2194.0,71,150
2195.0,71,150
2196.0,71,150
2197.0,71,150
2198.0,71,150
2199.0,71,150
2200.0,71,150
2201.0,71,150
2202.0,71,150
2203.0,71,150
2204.0,71,150
2205.0,71,150
2206.0,71,150
2207.0,71,150
2208.0,71,150
2209.0,71,150
2210.0,71,150
2211.0,71,150
2212.0,71,150
2213.0,71,150
2214.0,71,150
2215.0,71,150
2216.0,71,150
2217.0,71,150
2218.0,71,150
2219.0,71,150
2220.0,71,150
2221.0,71,150
2222.0,71,150
2223.0,71,150
2224.0,71,150
2225.0,71,150
2226.0,71,150
2227.0,71,150
2228.0,71,150
2229.0,71,150
2230.0,71,150
2231.0,71,150
2232.0,71,150
2233.0,71,150
2234.0,71,150
2235.0,71,150
2236.0,71,150
2237.0,71,150
2238.0,71,150
2239.0,71,150
2240.0,71,150
2241.0,71,150
2242.0,71,150
2243.0,71,150
2244.0,71,150
2245.0,71,150
2246.0,71,150
2247.0,71,150
2248.0,71,150
2249.0,71,150
2250.0,71,150
2251.0,71,150
2252.0,71,150
2253.0,71,150
2254.0,71,150
2255.0,71,150
2256.0,71,150
2257.0,71,150
2258.0,71,150
2259.0,71,150
2260.0,71,150
2261.0,71,150
2262.0,71,150
2263.0,71,150
2264.0,71,150
2265.0,71,150
2266.0,71,150
2267.0,71,150
2268.0,71,150
2269.0,71,150
2270.0,71,150
2271.0,71,150
2272.0,71,150
2273.0,71,150
2274.0,71,150
2275.0,71,150
2276.0,71,150
2277.0,71,150
2278.0,71,150
2279.0,71,150
2280.0,71,150
2281.0,71,150
2282.0,71,150
2283.0,71,150
2284.0,71,150
2285.0,71,150
2286.0,71,150
2287.0,71,150
2288.0,71,150
2289.0,71,150
2290.0,71,150
2291.0,71,150
2292.0,71,150
2293.0,71,150
2294.0,71,150
2295.0,71,150
2296.0,71,150
2297.0,71,150
2298.0,71,150
2299.0,71,150
2300.0,71,150
2301.0,71,150
2302.0,71,150
2303.0,71,150
2304.0,71,150
2305.0,71,150
2306.0,71,150
2307.0,71,150
2308.0,71,150
2309.0,71,150
2310.0,71,150
2311.0,71,150
2312.0,71,150
2313.0,71,150
2314.0,71,150
2315.0,71,150
2316.0,71,150
2317.0,71,150
2318.0,71,150
2319.0,71,150
2320.0,71,150
2321.0,71,150
2322.0,71,150
2323.0,71,150
2324.0,71,150
2325.0,71,150
2326.0,71,150
2327.0,71,150
2328.0,71,150
2329.0,71,150
2330.0,71,150
2331.0,71,150
2332.0,71,150
2333.0,71,150
2334.0,71,150
2335.0,71,150
2336.0,71,150
2337.0,71,150
2338.0,71,150
2339.0,71,150
2340.0,71,150
2341.0,71,150
2342.0,71,150
2343.0,71,150
2344.0,71,150
2345.0,71,150
2346.0,71,150
2347.0,71,150
2348.0,71,150
2349.0,71,150
2350.0,71,150
2351.0,71,150
2352.0,71,150
2353.0,71,150
2354.0,71,150
2355.0,71,150
2356.0,71,150
2357.0,71,150
2358.0,71,150
2359.0,71,150
2360.0,71,150
2361.0,71,150
2362.0,71,150
2363.0,71,150
2364.0,71,150
2365.0,71,150
2366.0,71,150
2367.0,71,150
2368.0,71,150
2369.0,71,150
2370.0,71,150
2371.0,71,150
2372.0,71,150
2373.0,71,150
2374.0,71,150
2375.0,71,150
2376.0,71,150
2377.0,71,150
2378.0,71,150
2379.0,71,150
2380.0,71,150
2381.0,71,150
2382.0,71,150
2383.0,71,150
2384.0,71,150
2385.0,71,150
2386.0,71,150
2387.0,71,150
2388.0,71,150
2389.0,71,150
2390.0,71,150
2391.0,71,150
2392.0,71,150
2393.0,71,150
2394.0,71,150
2395.0,71,150
2396.0,71,150
2397.0,71,150
2398.0,71,150
2399.0,71,150
2400.0,71,150
2401.0,71,150
2402.0,71,150
2403.0,71,150
2404.0,71,150
2405.0,71,150
2406.0,71,150
2407.0,71,150
2408.0,71,150
2409.0,71,150
2410.0,71,150
2411.0,71,150
2412.0,71,150
2413.0,71,150
2414.0,71,150
2415.0,71,150
2416.0,71,150
2417.0,71,150
2418.0,71,150
2419.0,71,150
2420.0,71,150
2421.0,71,150
2422.0,71,150
2423.0,71,150
2424.0,71,150
2425.0,71,150
2426.0,71,150
2427.0,71,150
2428.0,71,150
2429.0,71,150
2430.0,71,150
2431.0,71,150
2432.0,71,150
2433.0,71,150
2434.0,71,150
2435.0,71,150
2436.0,71,150
2437.0,71,150
2438.0,71,150
2439.0,71,150
2440.0,71,150
2441.0,71,150
2442.0,71,150
2443.0,71,150
2444.0,71,150
2445.0,71,150
2446.0,71,150
2447.0,71,150
2448.0,71,150
2449.0,71,150
2450.0,71,150
2451.0,71,150
2452.0,71,150
2453.0,71,150
2454.0,71,150
2455.0,71,150
2456.0,71,150
2457.0,71,150
2458.0,71,150
2459.0,71,150
2460.0,71,150
2461.0,71,150
2462.0,71,150
2463.0,71,150
2464.0,71,150
2465.0,71,150
2466.0,71,150
2467.0,71,150
2468.0,71,150
2469.0,71,150
2470.0,71,150
2471.0,71,150
2472.0,71,150
2473.0,71,150
2474.0,71,150
2475.0,71,150
2476.0,71,150
2477.0,71,150
2478.0,71,150
2479.0,71,150
2480.0,71,150
2481.0,71,150
2482.0,71,150
2483.0,71,150
2484.0,71,150
2485.0,71,150
2486.0,71,150
2487.0,71,150
2488.0,71,150
2489.0,71,150
2490.0,71,150
2491.0,71,150
2492.0,71,150
2493.0,71,150
2494.0,71,150
2495.0,71,150
2496.0,71,150
2497.0,71,150
2498.0,71,150
2499.0,71,150
2500.0,71,150
2501.0,71,150
2502.0,71,150
2503.0,71,150
2504.0,71,150
2505.0,71,150
2506.0,71,150
2507.0,71,150
2508.0,71,150
2509.0,71,150
2510.0,71,150
2511.0,71,150
2512.0,71,150
2513.0,71,150
2514.0,71,150
2515.0,71,150
2516.0,71,150
2517.0,71,150
2518.0,71,150
2519.0,71,150
2520.0,71,150
2521.0,71,150
2522.0,71,150
2523.0,71,150
2524.0,71,150
2525.0,71,150
2526.0,71,150
2527.0,71,150
2528.0,71,150
2529.0,71,150
2530.0,71,150
2531.0,71,150
2532.0,71,150
2533.0,71,150
2534.0,71,150
2535.0,71,150
2536.0,71,150
2537.0,71,150
2538.0,71,150
2539.0,71,150
2540.0,71,150
2541.0,71,150
2542.0,71,150
2543.0,71,150
2544.0,71,150
2545.0,71,150
2546.0,71,150
2547.0,71,150
2548.0,71,150
2549.0,71,150
2550.0,71,150
2551.0,71,150
2552.0,71,150
2553.0,71,150
2554.0,71,150
2555.0,71,150
2556.0,71,150
2557.0,71,150
2558.0,71,150
2559.0,71,150
2560.0,71,150
2561.0,71,150
2562.0,71,150
2563.0,71,150
2564.0,71,150
2565.0,71,150
2566.0,71,150
2567.0,71,150
2568.0,71,150
2569.0,71,150
2570.0,71,150
2571.0,71,150
2572.0,71,150
2573.0,71,150
2574.0,71,150
2575.0,71,150
2576.0,71,150
2577.0,71,150
2578.0,71,150
2579.0,71,150
2580.0,71,150
2581.0,71,150
2582.0,71,150
2583.0,71,150
2584.0,71,150
2585.0,71,150
2586.0,71,150
2587.0,71,150
2588.0,71,150
2589.0,71,150
2590.0,71,150
2591.0,71,150
2592.0,71,150
2593.0,71,150
2594.0,71,150
2595.0,71,150
2596.0,71,150
2597.0,71,150
2598.0,71,150
2599.0,71,150
2600.0,71,150
2601.0,71,150
2602.0,71,150
2603.0,71,150
2604.0,71,150
2605.0,71,150
2606.0,71,150
2607.0,71,150
2608.0,71,150
2609.0,71,150
2610.0,71,150
2611.0,71,150
2612.0,71,150
2613.0,71,150
2614.0,71,150
2615.0,71,150
2616.0,71,150
2617.0,71,150
2618.0,71,150
2619.0,71,150
2620.0,71,150
2621.0,71,150
2622.0,71,150
2623.0,71,150
2624.0,71,150
2625.0,71,150
2626.0,71,150
2627.0,71,150
2628.0,71,150
2629.0,71,150
2630.0,71,150
2631.0,71,150
2632.0,71,150
2633.0,71,150
2634.0,71,150
2635.0,71,150
2636.0,71,150
2637.0,71,150
2638.0,71,150
2639.0,71,150
2640.0,71,150
2641.0,71,150
2642.0,71,150
2643.0,71,150
2644.0,71,150
2645.0,71,150
2646.0,71,150
2647.0,71,150
2648.0,71,150
2649.0,71,150
2650.0,71,150
2651.0,71,150
2652.0,71,150
2653.0,71,150
2654.0,71,150
2655.0,71,150
2656.0,71,150
2657.0,71,150
2658.0,71,150
2659.0,71,150
2660.0,71,150
2661.0,71,150
2662.0,71,150
2663.0,71,150
2664.0,71,150
2665.0,71,150
2666.0,71,150
2667.0,71,150
2668.0,71,150
2669.0,71,150
2670.0,71,150
2671.0,71,150
2672.0,71,150
2673.0,71,150
2674.0,71,150
2675.0,71,150
2676.0,71,150
2677.0,71,150
2678.0,71,150
2679.0,71,150
2680.0,71,150
2681.0,71,150
2682.0,71,150
2683.0,71,150
2684.0,71,150
2685.0,71,150
2686.0,71,150
2687.0,71,150
2688.0,71,150
2689.0,71,150
2690.0,71,150
2691.0,71,150
2692.0,71,150
2693.0,71,150
2694.0,71,150
2695.0,71,150
2696.0,71,150
2697.0,71,150
2698.0,71,150
2699.0,71,150
2700.0,71,150
2701.0,71,150
2702.0,71,150
2703.0,71,150
2704.0,71,150
2705.0,71,150
2706.0,71,150
2707.0,71,150
2708.0,71,150
2709.0,71,150
2710.0,71,150
2711.0,71,150
2712.0,71,150
2713.0,71,150
2714.0,71,150
2715.0,71,150
2716.0,71,150
2717.0,71,150
2718.0,71,150
2719.0,71,150
2720.0,71,150
2721.0,71,150
2722.0,71,150
2723.0,71,150
2724.0,71,150
2725.0,71,150
2726.0,71,150
2727.0,71,150
2728.0,71,150
2729.0,71,150
2730.0,71,150
2731.0,71,150
2732.0,71,150
2733.0,71,150
2734.0,71,150
2735.0,71,150
2736.0,71,150
2737.0,71,150
2738.0,71,150
2739.0,71,150
2740.0,71,150
2741.0,71,150
2742.0,71,150
2743.0,71,150
2744.0,71,150
2745.0,71,150
2746.0,71,150
2747.0,71,150
2748.0,71,150
2749.0,71,150
2750.0,71,150
2751.0,71,150
2752.0,71,150
2753.0,71,150
2754.0,71,150
2755.0,71,150
2756.0,71,150
2757.0,71,150
2758.0,71,150
2759.0,71,150
2760.0,71,150
2761.0,71,150
2762.0,71,150
2763.0,71,150
2764.0,71,150
2765.0,71,150
2766.0,71,150
2767.0,71,150
2768.0,71,150
2769.0,71,150
2770.0,71,150
2771.0,71,150
2772.0,71,150
2773.0,71,150
2774.0,71,150
2775.0,71,150
2776.0,71,150
2777.0,71,150
2778.0,71,150
2779.0,71,150
2780.0,71,150
2781.0,71,150
2782.0,71,150
2783.0,71,150
2784.0,71,150
2785.0,71,150
2786.0,71,150
2787.0,71,150
2788.0,71,150
2789.0,71,150
2790.0,71,150
2791.0,71,150
2792.0,71,150
2793.0,71,150
2794.0,71,150
2795.0,71,150
2796.0,71,150
2797.0,71,150
2798.0,71,150
2799.0,71,150
2800.0,71,150
2801.0,71,150
2802.0,71,150
2803.0,71,150
2804.0,71,150
2805.0,71,150
2806.0,71,150
2807.0,71,150
2808.0,71,150
2809.0,71,150
2810.0,71,150
2811.0,71,150
2812.0,71,150
2813.0,71,150
2814.0,71,150
2815.0,71,150
2816.0,71,150
2817.0,71,150
2818.0,71,150
2819.0,71,150
2820.0,71,150
2821.0,71,150
2822.0,71,150
2823.0,71,150
2824.0,71,150
2825.0,71,150
2826.0,71,150
2827.0,71,150
2828.0,71,150
2829.0,71,150
2830.0,71,150
2831.0,71,150
2832.0,71,150
2833.0,71,150
2834.0,71,150
2835.0,71,150
2836.0,71,150
2837.0,71,150
2838.0,71,150
2839.0,71,150
2840.0,71,150
2841.0,71,150
2842.0,71,150
2843.0,71,150
2844.0,71,150
2845.0,71,150
2846.0,71,150
2847.0,71,150
2848.0,71,150
2849.0,71,150
2850.0,71,150
2851.0,71,150
2852.0,71,150
2853.0,71,150
2854.0,71,150
2855.0,71,150
2856.0,71,150
2857.0,71,150
2858.0,71,150
2859.0,71,150
2860.0,71,150
2861.0,71,150
2862.0,71,150
2863.0,71,150
2864.0,71,150
2865.0,71,150
2866.0,71,150
2867.0,71,150
2868.0,71,150
2869.0,71,150
2870.0,71,150
2871.0,71,150
2872.0,71,150
2873.0,71,150
2874.0,71,150
2875.0,71,150
2876.0,71,150
2877.0,71,150
2878.0,71,150
2879.0,71,150
2880.0,71,150
2881.0,71,150
2882.0,71,150
2883.0,71,150
2884.0,71,150
2885.0,71,150
2886.0,71,150
2887.0,71,150
2888.0,71,150
2889.0,71,150
2890.0,71,150
2891.0,71,150
2892.0,71,150
2893.0,71,150
2894.0,71,150
2895.0,71,150
2896.0,71,150
2897.0,71,150
2898.0,71,150
2899.0,71,150
2900.0,71,150
2901.0,71,150
2902.0,71,150
2903.0,71,150
2904.0,71,150
2905.0,71,150
2906.0,71,150
2907.0,71,150
2908.0,71,150
2909.0,71,150
2910.0,71,150
2911.0,71,150
2912.0,71,150
2913.0,71,150
2914.0,71,150
2915.0,71,150
2916.0,71,150
2917.0,71,150
2918.0,71,150
2919.0,71,150
2920.0,71,150
2921.0,71,150
2922.0,71,150
2923.0,71,150
2924.0,71,150
2925.0,71,150
2926.0,71,150
2927.0,71,150
2928.0,71,150
2929.0,71,150
2930.0,71,150
2931.0,71,150
2932.0,71,150
2933.0,71,150
2934.0,71,150
2935.0,71,150
2936.0,71,150
2937.0,71,150
2938.0,71,150
2939.0,71,150
2940.0,71,150
2941.0,71,150
2942.0,71,150
2943.0,71,150
2944.0,71,150
2945.0,71,150
2946.0,71,150
2947.0,71,150
2948.0,71,150
2949.0,71,150
2950.0,71,150
2951.0,71,150
2952.0,71,150
2953.0,71,150
2954.0,71,150
2955.0,71,150
2956.0,71,150
2957.0,71,150
2958.0,71,150
2959.0,71,150
2960.0,71,150
2961.0,71,150
2962.0,71,150
2963.0,71,150
2964.0,71,150
2965.0,71,150
2966.0,71,150
2967.0,71,150
2968.0,71,150
2969.0,71,150
2970.0,71,150
2971.0,71,150
2972.0,71,150
2973.0,71,150
2974.0,71,150
2975.0,71,150
2976.0,71,150
2977.0,71,150
2978.0,71,150
2979.0,71,150
2980.0,71,150
2981.0,71,150
2982.0,71,150
2983.0,71,150
2984.0,71,150
2985.0,71,150
2986.0,71,150
2987.0,71,150
2988.0,71,150
2989.0,71,150
2990.0,71,150
2991.0,71,150
2992.0,71,150
2993.0,71,150
2994.0,71,150
2995.0,71,150
2996.0,71,150
2997.0,71,150
2998.0,71,150
2999.0,71,150
3000.0,71,150
3001.0,71,150
3002.0,71,150
3003.0,71,150
3004.0,71,150
3005.0,71,150
3006.0,71,150
3007.0,71,150
3008.0,71,150
3009.0,71,150
3010.0,71,150
3011.0,71,150
3012.0,71,150
3013.0,71,150
3014.0,71,150
3015.0,71,150
3016.0,71,150
3017.0,71,150
3018.0,71,150
3019.0,71,150
3020.0,71,150
3021.0,71,150
3022.0,71,150
3023.0,71,150
3024.0,71,150
3025.0,71,150
3026.0,71,150
3027.0,71,150
3028.0,71,150
3029.0,71,150
3030.0,71,150
3031.0,71,150
3032.0,71,150
3033.0,71,150
3034.0,71,150
3035.0,71,150
3036.0,71,150
3037.0,71,150
3038.0,71,150
3039.0,71,150
3040.0,71,150
3041.0,71,150
3042.0,71,150
3043.0,71,150
3044.0,71,150
3045.0,71,150
3046.0,71,150
3047.0,71,150
3048.0,71,150
3049.0,71,150
3050.0,71,150
3051.0,71,150
3052.0,71,150
3053.0,71,150
3054.0,71,150
3055.0,71,150
3056.0,71,150
3057.0,71,150
3058.0,71,150
3059.0,71,150
3060.0,71,150
3061.0,71,150
3062.0,71,150
3063.0,71,150
3064.0,71,150
3065.0,71,150
3066.0,71,150
3067.0,71,150
3068.0,71,150
3069.0,71,150
3070.0,71,150
3071.0,71,150
3072.0,71,150
3073.0,71,150
3074.0,71,150
3075.0,71,150
3076.0,71,150
3077.0,71,150
3078.0,71,150
3079.0,71,150
3080.0,71,150
3081.0,71,150
3082.0,71,150
3083.0,71,150
3084.0,71,150
3085.0,71,150
3086.0,71,150
3087.0,71,150
3088.0,71,150
3089.0,71,150
3090.0,71,150
3091.0,71,150
3092.0,71,150
3093.0,71,150
3094.0,71,150
3095.0,71,150
3096.0,71,150
3097.0,71,150
3098.0,71,150
3099.0,71,150
3100.0,71,150
3101.0,71,150
3102.0,71,150
3103.0,71,150
3104.0,71,150
3105.0,71,150
3106.0,71,150
3107.0,71,150
3108.0,71,150
3109.0,71,150
3110.0,71,150
3111.0,71,150
3112.0,71,150
3113.0,71,150
3114.0,71,150
3115.0,71,150
3116.0,71,150
3117.0,71,150
3118.0,71,150
3119.0,71,150
3120.0,71,150
3121.0,71,150
3122.0,71,150
3123.0,71,150
3124.0,71,150
3125.0,71,150
3126.0,71,150
3127.0,71,150
3128.0,71,150
3129.0,71,150
3130.0,71,150
3131.0,71,150
3132.0,71,150
3133.0,71,150
3134.0,71,150
3135.0,71,150
3136.0,71,150
3137.0,71,150
3138.0,71,150
3139.0,71,150
3140.0,71,150
3141.0,71,150
3142.0,71,150
3143.0,71,150
3144.0,71,150
3145.0,71,150
3146.0,71,150
3147.0,71,150
3148.0,71,150
3149.0,71,150
3150.0,71,150
3151.0,71,150
3152.0,71,150
3153.0,71,150
3154.0,71,150
3155.0,71,150
3156.0,71,150
3157.0,71,150
3158.0,71,150
3159.0,71,150
3160.0,71,150
3161.0,71,150
3162.0,71,150
3163.0,71,150
3164.0,71,150
3165.0,71,150
3166.0,71,150
3167.0,71,150
3168.0,71,150
3169.0,71,150
3170.0,71,150
3171.0,71,150
3172.0,71,150
3173.0,71,150
3174.0,71,150
3175.0,71,150
3176.0,71,150
3177.0,71,150
3178.0,71,150
3179.0,71,150
3180.0,71,150
3181.0,71,150
3182.0,71,150
3183.0,71,150
3184.0,71,150
3185.0,71,150
3186.0,71,150
3187.0,71,150
3188.0,71,150
3189.0,71,150
3190.0,71,150
3191.0,71,150
3192.0,71,150
3193.0,71,150
3194.0,71,150
3195.0,71,150
3196.0,71,150
3197.0,71,150
3198.0,71,150
3199.0,71,150
3200.0,71,150
3201.0,71,150
3202.0,71,150
3203.0,71,150
3204.0,71,150
3205.0,71,150
3206.0,71,150
3207.0,71,150
3208.0,71,150
3209.0,71,150
3210.0,71,150
3211.0,71,150
3212.0,71,150
3213.0,71,150
3214.0,71,150
3215.0,71,150
3216.0,71,150
3217.0,71,150
3218.0,71,150
3219.0,71,150
3220.0,71,150
3221.0,71,150
3222.0,71,150
3223.0,71,150
3224.0,71,150
3225.0,71,150
3226.0,71,150
3227.0,71,150
3228.0,71,150
3229.0,71,150
3230.0,71,150
3231.0,71,150
3232.0,71,150
3233.0,71,150
3234.0,71,150
3235.0,71,150
3236.0,71,150
3237.0,71,150
3238.0,71,150
3239.0,71,150
3240.0,71,150
3241.0,71,150
3242.0,71,150
3243.0,71,150
3244.0,71,150
3245.0,71,150
3246.0,71,150
3247.0,71,150
3248.0,71,150
3249.0,71,150
3250.0,71,150
3251.0,71,150
3252.0,71,150
3253.0,71,150
3254.0,71,150
3255.0,71,150
3256.0,71,150
3257.0,71,150
3258.0,71,150
3259.0,71,150
3260.0,71,150
3261.0,71,150
3262.0,71,150
3263.0,71,150
3264.0,71,150
3265.0,71,150
3266.0,71,150
3267.0,71,150
3268.0,71,150
3269.0,71,150
3270.0,71,150
3271.0,71,150
3272.0,71,150
3273.0,71,150
3274.0,71,150
3275.0,71,150
3276.0,71,150
3277.0,71,150
3278.0,71,150
3279.0,71,150
3280.0,71,150
3281.0,71,150
3282.0,71,150
3283.0,71,150
3284.0,71,150
3285.0,71,150
3286.0,71,150
3287.0,71,150
3288.0,71,150
3289.0,71,150
3290.0,71,150
3291.0,71,150
3292.0,71,150
3293.0,71,150
3294.0,71,150
3295.0,71,150
3296.0,71,150
3297.0,71,150
3298.0,71,150
3299.0,71,150
3300.0,71,150
3301.0,71,150
3302.0,71,150
3303.0,71,150
3304.0,71,150
3305.0,71,150
3306.0,71,150
3307.0,71,150
3308.0,71,150
3309.0,71,150
3310.0,71,150
3311.0,71,150
3312.0,71,150
3313.0,71,150
3314.0,71,150
3315.0,71,150
3316.0,71,150
3317.0,71,150
3318.0,71,150
3319.0,71,150
3320.0,71,150
3321.0,71,150
3322.0,71,150
3323.0,71,150
3324.0,71,150
3325.0,71,150
3326.0,71,150
3327.0,71,150
3328.0,71,150
3329.0,71,150
3330.0,71,150
3331.0,71,150
3332.0,71,150
3333.0,71,150
3334.0,71,150
3335.0,71,150
3336.0,71,150
3337.0,71,150
3338.0,71,150
3339.0,71,150
3340.0,71,150
3341.0,71,150
3342.0,71,150
3343.0,71,150
3344.0,71,150
3345.0,71,150
3346.0,71,150
3347.0,71,150
3348.0,71,150
3349.0,71,150
3350.0,71,150
3351.0,71,150
3352.0,71,150
3353.0,71,150
3354.0,71,150
3355.0,71,150
3356.0,71,150
3357.0,71,150
3358.0,71,150
3359.0,71,150
3360.0,71,150
3361.0,71,150
3362.0,71,150
3363.0,71,150
3364.0,71,150
3365.0,71,150
3366.0,71,150
3367.0,71,150
3368.0,71,150
3369.0,71,150
3370.0,71,150
3371.0,71,150
3372.0,71,150
3373.0,71,150
3374.0,71,150
3375.0,71,150
3376.0,71,150
3377.0,71,150
3378.0,71,150
3379.0,71,150
3380.0,71,150
3381.0,71,150
3382.0,71,150
3383.0,71,150
3384.0,71,150
3385.0,71,150
3386.0,71,150
3387.0,71,150
3388.0,71,150
3389.0,71,150
3390.0,71,150
3391.0,71,150
3392.0,71,150
3393.0,71,150
3394.0,71,150
3395.0,71,150
3396.0,71,150
3397.0,71,150
3398.0,71,150
3399.0,71,150
3400.0,71,150
3401.0,71,150
3402.0,71,150
3403.0,71,150
3404.0,71,150
3405.0,71,150
3406.0,71,150
3407.0,71,150
3408.0,71,150
3409.0,71,150
3410.0,71,150
3411.0,71,150
3412.0,71,150
3413.0,71,150
3414.0,71,150
3415.0,71,150
3416.0,71,150
3417.0,71,150
3418.0,71,150
3419.0,71,150
3420.0,71,150
3421.0,71,150
3422.0,71,150
3423.0,71,150
3424.0,71,150
3425.0,71,150
3426.0,71,150
3427.0,71,150
3428.0,71,150
3429.0,71,150
3430.0,71,150
3431.0,71,150
3432.0,71,150
3433.0,71,150
3434.0,71,150
3435.0,71,150
3436.0,71,150
3437.0,71,150
3438.0,71,150
3439.0,71,150
3440.0,71,150
3441.0,71,150
3442.0,71,150
3443.0,71,150
3444.0,71,150
3445.0,71,150
3446.0,71,150
3447.0,71,150
3448.0,71,150
3449.0,71,150
3450.0,71,150
3451.0,71,150
3452.0,71,150
3453.0,71,150
3454.0,71,150
3455.0,71,150
3456.0,71,150
3457.0,71,150
3458.0,71,150
3459.0,71,150
3460.0,71,150
3461.0,71,150
3462.0,71,150
3463.0,71,150
3464.0,71,150
3465.0,71,150
3466.0,71,150
3467.0,71,150
3468.0,71,150
3469.0,71,150
3470.0,71,150
3471.0,71,150
3472.0,71,150
3473.0,71,150
3474.0,71,150
3475.0,71,150
3476.0,71,150
3477.0,71,150
3478.0,71,150
3479.0,71,150
3480.0,71,150
3481.0,71,150
3482.0,71,150
3483.0,71,150
3484.0,71,150
3485.0,71,150
3486.0,71,150
3487.0,71,150
3488.0,71,150
3489.0,71,150
3490.0,71,150
3491.0,71,150
3492.0,71,150
3493.0,71,150
3494.0,71,150
3495.0,71,150
3496.0,71,150
3497.0,71,150
3498.0,71,150
3499.0,71,150
3500.0,71,150
3501.0,71,150
3502.0,71,150
3503.0,71,150
3504.0,71,150
3505.0,71,150
3506.0,71,150
3507.0,71,150
3508.0,71,150
3509.0,71,150
3510.0,71,150
3511.0,71,150
3512.0,71,150
3513.0,71,150
3514.0,71,150
3515.0,71,150
3516.0,71,150
3517.0,71,150
3518.0,71,150
3519.0,71,150
3520.0,71,150
3521.0,71,150
3522.0,71,150
3523.0,71,150
3524.0,71,150
3525.0,71,150
3526.0,71,150
3527.0,71,150
3528.0,71,150
3529.0,71,150
3530.0,71,150
3531.0,71,150
3532.0,71,150
3533.0,71,150
3534.0,71,150
3535.0,71,150
3536.0,71,150
3537.0,71,150
3538.0,71,150
3539.0,71,150
3540.0,71,150
3541.0,71,150
3542.0,71,150
3543.0,71,150
3544.0,71,150
3545.0,71,150
3546.0,71,150
3547.0,71,150
3548.0,71,150
3549.0,71,150
3550.0,71,150
3551.0,71,150
3552.0,71,150
3553.0,71,150
3554.0,71,150
3555.0,71,150
3556.0,71,150
3557.0,71,150
3558.0,71,150
3559.0,71,150
3560.0,71,150
3561.0,71,150
3562.0,71,150
3563.0,71,150
3564.0,71,150
3565.0,71,150
3566.0,71,150
3567.0,71,150
3568.0,71,150
3569.0,71,150
3570.0,71,150
3571.0,71,150
3572.0,71,150
3573.0,71,150
3574.0,71,150
3575.0,71,150
3576.0,71,150
3577.0,71,150
3578.0,71,150
3579.0,71,150
3580.0,71,150
3581.0,71,150
3582.0,71,150
3583.0,71,150
3584.0,71,150
3585.0,71,150
3586.0,71,150
3587.0,71,150
3588.0,71,150
3589.0,71,150
3590.0,71,150
3591.0,71,150
3592.0,71,150
3593.0,71,150
3594.0,71,150
3595.0,71,150
3596.0,71,150
3597.0,71,150
3598.0,71,150
3599.0,71,150
3600.0,71,150
3601.0,71,150
3602.0,71,150
3603.0,71,150
3604.0,71,150
3605.0,71,150
3606.0,71,150
3607.0,71,150
3608.0,71,150
3609.0,71,150
3610.0,71,150
3611.0,71,150
3612.0,71,150
3613.0,71,150
3614.0,71,150
3615.0,71,150
3616.0,71,150
3617.0,71,150
3618.0,71,150
3619.0,71,150
3620.0,71,150
3621.0,71,150
3622.0,71,150
3623.0,71,150
3624.0,71,150
3625.0,71,150
3626.0,71,150
3627.0,71,150
3628.0,71,150
3629.0,71,150
3630.0,71,150
3631.0,71,150
3632.0,71,150
3633.0,71,150
3634.0,71,150
3635.0,71,150
3636.0,71,150
3637.0,71,150
3638.0,71,150
3639.0,71,150
3640.0,71,150
3641.0,71,150
3642.0,71,150
3643.0,71,150
3644.0,71,150
3645.0,71,150
3646.0,71,150
3647.0,71,150
3648.0,71,150
3649.0,71,150
3650.0,71,150
3651.0,71,150
3652.0,71,150
3653.0,71,150
3654.0,71,150
3655.0,71,150
3656.0,71,150
3657.0,71,150
3658.0,71,150
3659.0,71,150
3660.0,71,150
3661.0,71,150
3662.0,71,150
3663.0,71,150
3664.0,71,150
3665.0,71,150
3666.0,71,150
3667.0,71,150
3668.0,71,150
3669.0,71,150
3670.0,71,150
3671.0,71,150
3672.0,71,150
3673.0,71,150
3674.0,71,150
3675.0,71,150
3676.0,71,150
3677.0,71,150
3678.0,71,150
3679.0,71,150
3680.0,71,150
3681.0,71,150
3682.0,71,150
3683.0,71,150
3684.0,71,150
3685.0,71,150
3686.0,71,150
3687.0,71,150
3688.0,71,150
3689.0,71,150
3690.0,71,150
3691.0,71,150
3692.0,71,150
3693.0,71,150
3694.0,71,150
3695.0,71,150
3696.0,71,150
3697.0,71,150
3698.0,71,150
3699.0,71,150
3700.0,71,150
3701.0,71,150
3702.0,71,150
3703.0,71,150
3704.0,71,150
3705.0,71,150
3706.0,71,150
3707.0,71,150
3708.0,71,150
3709.0,71,150
3710.0,71,150
3711.0,71,150
3712.0,71,150
3713.0,71,150
3714.0,71,150
3715.0,71,150
3716.0,71,150
3717.0,71,150
3718.0,71,150
3719.0,71,150
3720.0,71,150
3721.0,71,150
3722.0,71,150
3723.0,71,150
3724.0,71,150
3725.0,71,150
3726.0,71,150
3727.0,71,150
3728.0,71,150
3729.0,71,150
3730.0,71,150
3731.0,71,150
3732.0,71,150
3733.0,71,150
3734.0,71,150
3735.0,71,150
3736.0,71,150
3737.0,71,150
3738.0,71,150
3739.0,71,150
3740.0,71,150
3741.0,71,150
3742.0,71,150
3743.0,71,150
3744.0,71,150
3745.0,71,150
3746.0,71,150
3747.0,71,150
3748.0,71,150
3749.0,71,150
3750.0,71,150
3751.0,71,150
3752.0,71,150
3753.0,71,150
3754.0,71,150
3755.0,71,150
3756.0,71,150
3757.0,71,150
3758.0,71,150
3759.0,71,150
3760.0,71,150
3761.0,71,150
3762.0,71,150
3763.0,71,150
3764.0,71,150
3765.0,71,150
3766.0,71,150
3767.0,71,150
3768.0,71,150
3769.0,71,150
3770.0,71,150
3771.0,71,150
3772.0,71,150
3773.0,71,150
3774.0,71,150
3775.0,71,150
3776.0,71,150
3777.0,71,150
3778.0,71,150
3779.0,71,150
3780.0,71,150
3781.0,71,150
3782.0,71,150
3783.0,71,150
3784.0,71,150
3785.0,71,150
3786.0,71,150
3787.0,71,150
3788.0,71,150
3789.0,71,150
3790.0,71,150
3791.0,71,150
3792.0,71,150
3793.0,71,150
3794.0,71,150
3795.0,71,150
3796.0,71,150
3797.0,71,150
3798.0,71,150
3799.0,71,150
3800.0,71,150
3801.0,71,150
3802.0,71,150
3803.0,71,150
3804.0,71,150
3805.0,71,150
3806.0,71,150
3807.0,71,150
3808.0,71,150
3809.0,71,150
3810.0,71,150
3811.0,71,150
3812.0,71,150
3813.0,71,150
3814.0,71,150
3815.0,71,150
3816.0,71,150
3817.0,71,150
3818.0,71,150
3819.0,71,150
3820.0,71,150
3821.0,71,150
3822.0,71,150
3823.0,71,150
3824.0,71,150
3825.0,71,150
3826.0,71,150
3827.0,71,150
3828.0,71,150
3829.0,71,150
3830.0,71,150
3831.0,71,150
3832.0,71,150
3833.0,71,150
3834.0,71,150
3835.0,71,150
3836.0,71,150
3837.0,71,150
3838.0,71,150
3839.0,71,150
3840.0,71,150
3841.0,71,150
3842.0,71,150
3843.0,71,150
3844.0,71,150
3845.0,71,150
3846.0,71,150
3847.0,71,150
3848.0,71,150
3849.0,71,150
3850.0,71,150
3851.0,71,150
3852.0,71,150
3853.0,71,150
3854.0,71,150
3855.0,71,150
3856.0,71,150
3857.0,71,150
3858.0,71,150
3859.0,71,150
3860.0,71,150
3861.0,71,150
3862.0,71,150
3863.0,71,150
3864.0,71,150
3865.0,71,150
3866.0,71,150
3867.0,71,150
3868.0,71,150
3869.0,71,150
3870.0,71,150
3871.0,71,150
3872.0,71,150
3873.0,71,150
3874.0,71,150
3875.0,71,150
3876.0,71,150
3877.0,71,150
3878.0,71,150
3879.0,71,150
3880.0,71,150
3881.0,71,150
3882.0,71,150
3883.0,71,150
3884.0,71,150
3885.0,71,150
3886.0,71,150
3887.0,71,150
3888.0,71,150
3889.0,71,150
3890.0,71,150
3891.0,71,150
3892.0,71,150
3893.0,71,150
3894.0,71,150
3895.0,71,150
3896.0,71,150
3897.0,71,150
3898.0,71,150
3899.0,71,150
3900.0,71,150
3901.0,71,150
3902.0,71,150
3903.0,71,150
3904.0,71,150
3905.0,71,150
3906.0,71,150
3907.0,71,150
3908.0,71,150
3909.0,71,150
3910.0,71,150
3911.0,71,150
3912.0,71,150
3913.0,71,150
3914.0,71,150
3915.0,71,150
3916.0,71,150
3917.0,71,150
3918.0,71,150
3919.0,71,150
3920.0,71,150
3921.0,71,150
3922.0,71,150
3923.0,71,150
3924.0,71,150
3925.0,71,150
3926.0,71,150
3927.0,71,150
3928.0,71,150
3929.0,71,150
3930.0,71,150
3931.0,71,150
3932.0,71,150
3933.0,71,150
3934.0,71,150
3935.0,71,150
3936.0,71,150
3937.0,71,150
3938.0,71,150
3939.0,71,150
3940.0,71,150
3941.0,71,150
3942.0,71,150
3943.0,71,150
3944.0,71,150
3945.0,71,150
3946.0,71,150
3947.0,71,150
3948.0,71,150
3949.0,71,150
3950.0,71,150
3951.0,71,150
3952.0,71,150
3953.0,71,150
3954.0,71,150
3955.0,71,150
3956.0,71,150
3957.0,71,150
3958.0,71,150
3959.0,71,150
3960.0,71,150
3961.0,71,150
3962.0,71,150
3963.0,71,150
3964.0,71,150
3965.0,71,150
3966.0,71,150
3967.0,71,150
3968.0,71,150
3969.0,71,150
3970.0,71,150
3971.0,71,150
3972.0,71,150
3973.0,71,150
3974.0,71,150
3975.0,71,150
3976.0,71,150
3977.0,71,150
3978.0,71,150
3979.0,71,150
3980.0,71,150
3981.0,71,150
3982.0,71,150
3983.0,71,150
3984.0,71,150
3985.0,71,150
3986.0,71,150
3987.0,71,150
3988.0,71,150
3989.0,71,150
3990.0,71,150
3991.0,71,150
3992.0,71,150
3993.0,71,150
3994.0,71,150
3995.0,71,150
3996.0,71,150
3997.0,71,150
3998.0,71,150
3999.0,71,150
4000.0,71,150
4001.0,71,150
4002.0,71,150
4003.0,71,150
4004.0,71,150
4005.0,71,150
4006.0,71,150
4007.0,71,150
4008.0,71,150
4009.0,71,150
4010.0,71,150
4011.0,71,150
4012.0,71,150
4013.0,71,150
4014.0,71,150
4015.0,71,150
4016.0,71,150
4017.0,71,150
4018.0,71,150
4019.0,71,150
4020.0,71,150
4021.0,71,150
4022.0,71,150
4023.0,71,150
4024.0,71,150
4025.0,71,150
4026.0,71,150
4027.0,71,150
4028.0,71,150
4029.0,71,150
4030.0,71,150
4031.0,71,150
4032.0,71,150
4033.0,71,150
4034.0,71,150
4035.0,71,150
4036.0,71,150
4037.0,71,150
4038.0,71,150
4039.0,71,150
4040.0,71,150
4041.0,71,150
4042.0,71,150
4043.0,71,150
4044.0,71,150
4045.0,71,150
4046.0,71,150
4047.0,71,150
4048.0,71,150
4049.0,71,150
4050.0,71,150
4051.0,71,150
4052.0,71,150
4053.0,71,150
4054.0,71,150
4055.0,71,150
4056.0,71,150
4057.0,71,150
4058.0,71,150
4059.0,71,150
4060.0,71,150
4061.0,71,150
4062.0,71,150
4063.0,71,150
4064.0,71,150
4065.0,71,150
4066.0,71,150
4067.0,71,150
4068.0,71,150
4069.0,71,150
4070.0,71,150
4071.0,71,150
4072.0,71,150
4073.0,71,150
4074.0,71,150
4075.0,71,150
4076.0,71,150
4077.0,71,150
4078.0,71,150
4079.0,71,150
4080.0,71,150
4081.0,71,150
4082.0,71,150
4083.0,71,150
4084.0,71,150
4085.0,71,150
4086.0,71,150
4087.0,71,150
4088.0,71,150
4089.0,71,150
4090.0,71,150
4091.0,71,150
4092.0,71,150
4093.0,71,150
4094.0,71,150
4095.0,71,150
4096.0,71,150
4097.0,71,150
4098.0,71,150
4099.0,71,150
4100.0,71,150
4101.0,71,150
4102.0,71,150
4103.0,71,150
4104.0,71,150
4105.0,71,150
4106.0,71,150
4107.0,71,150
4108.0,71,150
4109.0,71,150
4110.0,71,150
4111.0,71,150
4112.0,71,150
4113.0,71,150
4114.0,71,150
4115.0,71,150
4116.0,71,150
4117.0,71,150
4118.0,71,150
4119.0,71,150
4120.0,71,150
4121.0,71,150
4122.0,71,150
4123.0,71,150
4124.0,71,150
4125.0,71,150
4126.0,71,150
4127.0,71,150
4128.0,71,150
4129.0,71,150
4130.0,71,150
4131.0,71,150
4132.0,71,150
4133.0,71,150
4134.0,71,150
4135.0,71,150
4136.0,71,150
4137.0,71,150
4138.0,71,150
4139.0,71,150
4140.0,71,150
4141.0,71,150
4142.0,71,150
4143.0,71,150
4144.0,71,150
4145.0,71,150
4146.0,71,150
4147.0,71,150
4148.0,71,150
4149.0,71,150
4150.0,71,150
4151.0,71,150
4152.0,71,150
4153.0,71,150
4154.0,71,150
4155.0,71,150
4156.0,71,150
4157.0,71,150
4158.0,71,150
4159.0,71,150
4160.0,71,150
4161.0,71,150
4162.0,71,150
4163.0,71,150
4164.0,71,150
4165.0,71,150
4166.0,71,150
4167.0,71,150
4168.0,71,150
4169.0,71,150
4170.0,71,150
4171.0,71,150
4172.0,71,150
4173.0,71,150
4174.0,71,150
4175.0,71,150
4176.0,71,150
4177.0,71,150
4178.0,71,150
4179.0,71,150
4180.0,71,150
4181.0,71,150
4182.0,71,150
4183.0,71,150
4184.0,71,150
4185.0,71,150
4186.0,71,150
4187.0,71,150
4188.0,71,150
4189.0,71,150
4190.0,71,150
4191.0,71,150
4192.0,71,150
4193.0,71,150
4194.0,71,150
4195.0,71,150
4196.0,71,150
4197.0,71,150
4198.0,71,150
4199.0,71,150
4200.0,71,150
4201.0,71,150
4202.0,71,150
4203.0,71,150
4204.0,71,150
4205.0,71,150
4206.0,71,150
4207.0,71,150
4208.0,71,150
4209.0,71,150
4210.0,71,150
4211.0,71,150
4212.0,71,150
4213.0,71,150
4214.0,71,150
4215.0,71,150
4216.0,71,150
4217.0,71,150
4218.0,71,150
4219.0,71,150
4220.0,71,150
4221.0,71,150
4222.0,71,150
4223.0,71,150
4224.0,71,150
4225.0,71,150
4226.0,71,150
4227.0,71,150
4228.0,71,150
4229.0,71,150
4230.0,71,150
4231.0,71,150
4232.0,71,150
4233.0,71,150
4234.0,71,150
4235.0,71,150
4236.0,71,150
4237.0,71,150
4238.0,71,150
4239.0,71,150
4240.0,71,150
4241.0,71,150
4242.0,71,150
4243.0,71,150
4244.0,71,150
4245.0,71,150
4246.0,71,150
4247.0,71,150
4248.0,71,150
4249.0,71,150
4250.0,71,150
4251.0,71,150
4252.0,71,150
4253.0,71,150
4254.0,71,150
4255.0,71,150
4256.0,71,150
4257.0,71,150
4258.0,71,150
4259.0,71,150
4260.0,71,150
4261.0,71,150
4262.0,71,150
4263.0,71,150
4264.0,71,150
4265.0,71,150
4266.0,71,150
4267.0,71,150
4268.0,71,150
4269.0,71,150
4270.0,71,150
4271.0,71,150
4272.0,71,150
4273.0,71,150
4274.0,71,150
4275.0,71,150
4276.0,71,150
4277.0,71,150
4278.0,71,150
4279.0,71,150
4280.0,71,150
4281.0,71,150
4282.0,71,150
4283.0,71,150
4284.0,71,150
4285.0,71,150
4286.0,71,150
4287.0,71,150
4288.0,71,150
4289.0,71,150
4290.0,71,150
4291.0,71,150
4292.0,71,150
4293.0,71,150
4294.0,71,150
4295.0,71,150
4296.0,71,150
4297.0,71,150
4298.0,71,150
4299.0,71,150
4300.0,71,150
4301.0,71,150
4302.0,71,150
4303.0,71,150
4304.0,71,150
4305.0,71,150
4306.0,71,150
4307.0,71,150
4308.0,71,150
4309.0,71,150
4310.0,71,150
4311.0,71,150
4312.0,71,150
4313.0,71,150
4314.0,71,150
4315.0,71,150
4316.0,71,150
4317.0,71,150
4318.0,71,150
4319.0,71,150
4320.0,71,150
4321.0,71,150
4322.0,71,150
4323.0,71,150
4324.0,71,150
4325.0,71,150
4326.0,71,150
4327.0,71,150
4328.0,71,150
4329.0,71,150
4330.0,71,150
4331.0,71,150
4332.0,71,150
4333.0,71,150
4334.0,71,150
4335.0,71,150
4336.0,71,150
4337.0,71,150
4338.0,71,150
4339.0,71,150
4340.0,71,150
4341.0,71,150
4342.0,71,150
4343.0,71,150
4344.0,71,150
4345.0,71,150
4346.0,71,150
4347.0,71,150
4348.0,71,150
4349.0,71,150
4350.0,71,150
4351.0,71,150
4352.0,71,150
4353.0,71,150
4354.0,71,150
4355.0,71,150
4356.0,71,150
4357.0,71,150
4358.0,71,150
4359.0,71,150
4360.0,71,150
4361.0,71,150
4362.0,71,150
4363.0,71,150
4364.0,71,150
4365.0,71,150
4366.0,71,150
4367.0,71,150
4368.0,71,150
4369.0,71,150
4370.0,71,150
4371.0,71,150
4372.0,71,150
4373.0,71,150
4374.0,71,150
4375.0,71,150
4376.0,71,150
4377.0,71,150
4378.0,71,150
4379.0,71,150
4380.0,71,150
4381.0,71,150
4382.0,71,150
4383.0,71,150
4384.0,71,150
4385.0,71,150
4386.0,71,150
4387.0,71,150
4388.0,71,150
4389.0,71,150
4390.0,71,150
4391.0,71,150
4392.0,71,150
4393.0,71,150
4394.0,71,150
4395.0,71,150
4396.0,71,150
4397.0,71,150
4398.0,71,150
4399.0,71,150
4400.0,71,150
4401.0,71,150
4402.0,71,150
4403.0,71,150
4404.0,71,150
4405.0,71,150
4406.0,71,150
4407.0,71,150
4408.0,71,150
4409.0,71,150
4410.0,71,150
4411.0,71,150
4412.0,71,150
4413.0,71,150
4414.0,71,150
4415.0,71,150
4416.0,71,150
4417.0,71,150
4418.0,71,150
4419.0,71,150
4420.0,71,150
4421.0,71,150
4422.0,71,150
4423.0,71,150
4424.0,71,150
4425.0,71,150
4426.0,71,150
4427.0,71,150
4428.0,71,150
4429.0,71,150
4430.0,71,150
4431.0,71,150
4432.0,71,150
4433.0,71,150
4434.0,71,150
4435.0,71,150
4436.0,71,150
4437.0,71,150
4438.0,71,150
4439.0,71,150
4440.0,71,150
4441.0,71,150
4442.0,71,150
4443.0,71,150
4444.0,71,150
4445.0,71,150
4446.0,71,150
4447.0,71,150
4448.0,71,150
4449.0,71,150
4450.0,71,150
4451.0,71,150
4452.0,71,150
4453.0,71,150
4454.0,71,150
4455.0,71,150
4456.0,71,150
4457.0,71,150
4458.0,71,150
4459.0,71,150
4460.0,71,150
4461.0,71,150
4462.0,71,150
4463.0,71,150
4464.0,71,150
4465.0,71,150
4466.0,71,150
4467.0,71,150
4468.0,71,150
4469.0,71,150
4470.0,71,150
4471.0,71,150
4472.0,71,150
4473.0,71,150
4474.0,71,150
4475.0,71,150
4476.0,71,150
4477.0,71,150
4478.0,71,150
4479.0,71,150
4480.0,71,150
4481.0,71,150
4482.0,71,150
4483.0,71,150
4484.0,71,150
4485.0,71,150
4486.0,71,150
4487.0,71,150
4488.0,71,150
4489.0,71,150
4490.0,71,150
4491.0,71,150
4492.0,71,150
4493.0,71,150
4494.0,71,150
4495.0,71,150
4496.0,71,150
4497.0,71,150
4498.0,71,150
4499.0,71,150
4500.0,71,150
4501.0,71,150
4502.0,71,150
4503.0,71,150
4504.0,71,150
4505.0,71,150
4506.0,71,150
4507.0,71,150
4508.0,71,150
4509.0,71,150
4510.0,71,150
4511.0,71,150
4512.0,71,150
4513.0,71,150
4514.0,71,150
4515.0,71,150
4516.0,71,150
4517.0,71,150
4518.0,71,150
4519.0,71,150
4520.0,71,150
4521.0,71,150
4522.0,71,150
4523.0,71,150
4524.0,71,150
4525.0,71,150
4526.0,71,150
4527.0,71,150
4528.0,71,150
4529.0,71,150
4530.0,71,150
4531.0,71,150
4532.0,71,150
4533.0,71,150
4534.0,71,150
4535.0,71,150
4536.0,71,150
4537.0,71,150
4538.0,71,150
4539.0,71,150
4540.0,71,150
4541.0,71,150
4542.0,71,150
4543.0,71,150
4544.0,71,150
4545.0,71,150
4546.0,71,150
4547.0,71,150
4548.0,71,150
4549.0,71,150
4550.0,71,150
4551.0,71,150
4552.0,71,150
4553.0,71,150
4554.0,71,150
4555.0,71,150
4556.0,71,150
4557.0,71,150
4558.0,71,150
4559.0,71,150
4560.0,71,150
4561.0,71,150
4562.0,71,150
4563.0,71,150
4564.0,71,150
4565.0,71,150
4566.0,71,150
4567.0,71,150
4568.0,71,150
4569.0,71,150
4570.0,71,150
4571.0,71,150
4572.0,71,150
4573.0,71,150
4574.0,71,150
4575.0,71,150
4576.0,71,150
4577.0,71,150
4578.0,71,150
4579.0,71,150
4580.0,71,150
4581.0,71,150
4582.0,71,150
4583.0,71,150
4584.0,71,150
4585.0,71,150
4586.0,71,150
4587.0,71,150
4588.0,71,150
4589.0,71,150
4590.0,71,150
4591.0,71,150
4592.0,71,150
4593.0,71,150
4594.0,71,150
4595.0,71,150
4596.0,71,150
4597.0,71,150
4598.0,71,150
4599.0,71,150
4600.0,71,150
4601.0,71,150
4602.0,71,150
4603.0,71,150
4604.0,71,150
4605.0,71,150
4606.0,71,150
4607.0,71,150
4608.0,71,150
4609.0,71,150
4610.0,71,150
4611.0,71,150
4612.0,71,150
4613.0,71,150
4614.0,71,150
4615.0,71,150
4616.0,71,150
4617.0,71,150
4618.0,71,150
4619.0,71,150
4620.0,71,150
4621.0,71,150
4622.0,71,150
4623.0,71,150
4624.0,71,150
4625.0,71,150
4626.0,71,150
4627.0,71,150
4628.0,71,150
4629.0,71,150
4630.0,71,150
4631.0,71,150
4632.0,71,150
4633.0,71,150
4634.0,71,150
4635.0,71,150
4636.0,71,150
4637.0,71,150
4638.0,71,150
4639.0,71,150
4640.0,71,150
4641.0,71,150
4642.0,71,150
4643.0,71,150
4644.0,71,150
4645.0,71,150
4646.0,71,150
4647.0,71,150
4648.0,71,150
4649.0,71,150
4650.0,71,150
4651.0,71,150
4652.0,71,150
4653.0,71,150
4654.0,71,150
4655.0,71,150
4656.0,71,150
4657.0,71,150
4658.0,71,150
4659.0,71,150
4660.0,71,150
4661.0,71,150
4662.0,71,150
4663.0,71,150
4664.0,71,150
4665.0,71,150
4666.0,71,150
4667.0,71,150
4668.0,71,150
4669.0,71,150
4670.0,71,150
4671.0,71,150
4672.0,71,150
4673.0,71,150
4674.0,71,150
4675.0,71,150
4676.0,71,150
4677.0,71,150
4678.0,71,150
4679.0,71,150
4680.0,71,150
4681.0,71,150
4682.0,71,150
4683.0,71,150
4684.0,71,150
4685.0,71,150
4686.0,71,150
4687.0,71,150
4688.0,71,150
4689.0,71,150
4690.0,71,150
4691.0,71,150
4692.0,71,150
4693.0,71,150
4694.0,71,150
4695.0,71,150
4696.0,71,150
4697.0,71,150
4698.0,71,150
4699.0,71,150
4700.0,71,150
4701.0,71,150
4702.0,71,150
4703.0,71,150
4704.0,71,150
4705.0,71,150
4706.0,71,150
4707.0,71,150
4708.0,71,150
4709.0,71,150
4710.0,71,150
4711.0,71,150
4712.0,71,150
4713.0,71,150
4714.0,71,150
4715.0,71,150
4716.0,71,150
4717.0,71,150
4718.0,71,150
4719.0,71,150
4720.0,71,150
4721.0,71,150
4722.0,71,150
4723.0,71,150
4724.0,71,150
4725.0,71,150
4726.0,71,150
4727.0,71,150
4728.0,71,150
4729.0,71,150
4730.0,71,150
4731.0,71,150
4732.0,71,150
4733.0,71,150
4734.0,71,150
4735.0,71,150
4736.0,71,150
4737.0,71,150
4738.0,71,150
4739.0,71,150
4740.0,71,150
4741.0,71,150
4742.0,71,150
4743.0,71,150
4744.0,71,150
4745.0,71,150
4746.0,71,150
4747.0,71,150
4748.0,71,150
4749.0,71,150
4750.0,71,150
4751.0,71,150
4752.0,71,150
4753.0,71,150
4754.0,71,150
4755.0,71,150
4756.0,71,150
4757.0,71,150
4758.0,71,150
4759.0,71,150
4760.0,71,150
4761.0,71,150
4762.0,71,150
4763.0,71,150
4764.0,71,150
4765.0,71,150
4766.0,71,150
4767.0,71,150
4768.0,71,150
4769.0,71,150
4770.0,71,150
4771.0,71,150
4772.0,71,150
4773.0,71,150
4774.0,71,150
4775.0,71,150
4776.0,71,150
4777.0,71,150
4778.0,71,150
4779.0,71,150
4780.0,71,150
4781.0,71,150
4782.0,71,150
4783.0,71,150
4784.0,71,150
4785.0,71,150
4786.0,71,150
4787.0,71,150
4788.0,71,150
4789.0,71,150
4790.0,71,150
4791.0,71,150
4792.0,71,150
4793.0,71,150
4794.0,71,150
4795.0,71,150
4796.0,71,150
4797.0,71,150
4798.0,71,150
4799.0,71,150
4800.0,71,150
4801.0,71,150
4802.0,71,150
4803.0,71,150
4804.0,71,150
4805.0,71,150
4806.0,71,150
4807.0,71,150
4808.0,71,150
4809.0,71,150
4810.0,71,150
4811.0,71,150
4812.0,71,150
4813.0,71,150
4814.0,71,150
4815.0,71,150
4816.0,71,150
4817.0,71,150
4818.0,71,150
4819.0,71,150
4820.0,71,150
4821.0,71,150
4822.0,71,150
4823.0,71,150
4824.0,71,150
4825.0,71,150
4826.0,71,150
4827.0,71,150
4828.0,71,150
4829.0,71,150
4830.0,71,150
4831.0,71,150
4832.0,71,150
4833.0,71,150
4834.0,71,150
4835.0,71,150
4836.0,71,150
4837.0,71,150
4838.0,71,150
4839.0,71,150
4840.0,71,150
4841.0,71,150
4842.0,71,150
4843.0,71,150
4844.0,71,150
4845.0,71,150
4846.0,71,150
4847.0,71,150
4848.0,71,150
4849.0,71,150
4850.0,71,150
4851.0,71,150
4852.0,71,150
4853.0,71,150
4854.0,71,150
4855.0,71,150
4856.0,71,150
4857.0,71,150
4858.0,71,150
4859.0,71,150
4860.0,71,150
4861.0,71,150
4862.0,71,150
4863.0,71,150
4864.0,71,150
4865.0,71,150
4866.0,71,150
4867.0,71,150
4868.0,71,150
4869.0,71,150
4870.0,71,150
4871.0,71,150
4872.0,71,150
4873.0,71,150
4874.0,71,150
4875.0,71,150
4876.0,71,150
4877.0,71,150
4878.0,71,150
4879.0,71,150
4880.0,71,150
4881.0,71,150
4882.0,71,150
4883.0,71,150
4884.0,71,150
4885.0,71,150
4886.0,71,150
4887.0,71,150
4888.0,71,150
4889.0,71,150
4890.0,71,150
4891.0,71,150
4892.0,71,150
4893.0,71,150
4894.0,71,150
4895.0,71,150
4896.0,71,150
4897.0,71,150
4898.0,71,150
4899.0,71,150
4900.0,71,150
4901.0,71,150
4902.0,71,150
4903.0,71,150
4904.0,71,150
4905.0,71,150
4906.0,71,150
4907.0,71,150
4908.0,71,150
4909.0,71,150
4910.0,71,150
4911.0,71,150
4912.0,71,150
4913.0,71,150
4914.0,71,150
4915.0,71,150
4916.0,71,150
4917.0,71,150
4918.0,71,150
4919.0,71,150
4920.0,71,150
4921.0,71,150
4922.0,71,150
4923.0,71,150
4924.0,71,150
4925.0,71,150
4926.0,71,150
4927.0,71,150
4928.0,71,150
4929.0,71,150
4930.0,71,150
4931.0,71,150
4932.0,71,150
4933.0,71,150
4934.0,71,150
4935.0,71,150
4936.0,71,150
4937.0,71,150
4938.0,71,150
4939.0,71,150
4940.0,71,150
4941.0,71,150
4942.0,71,150
4943.0,71,150
4944.0,71,150
4945.0,71,150
4946.0,71,150
4947.0,71,150
4948.0,71,150
4949.0,71,150
4950.0,71,150
4951.0,71,150
4952.0,71,150
4953.0,71,150
4954.0,71,150
4955.0,71,150
4956.0,71,150
4957.0,71,150
4958.0,71,150
4959.0,71,150
4960.0,71,150
4961.0,71,150
4962.0,71,150
4963.0,71,150
4964.0,71,150
4965.0,71,150
4966.0,71,150
4967.0,71,150
4968.0,71,150
4969.0,71,150
4970.0,71,150
4971.0,71,150
4972.0,71,150
4973.0,71,150
4974.0,71,150
4975.0,71,150
4976.0,71,150
4977.0,71,150
4978.0,71,150
4979.0,71,150
4980.0,71,150
4981.0,71,150
4982.0,71,150
4983.0,71,150
4984.0,71,150
4985.0,71,150
4986.0,71,150
4987.0,71,150
4988.0,71,150
4989.0,71,150
4990.0,71,150
4991.0,71,150
4992.0,71,150
4993.0,71,150
4994.0,71,150
4995.0,71,150
4996.0,71,150
4997.0,71,150
4998.0,71,150
4999.0,71,150
5000.0,71,150
5001.0,71,150
5002.0,71,150
5003.0,71,150
5004.0,71,150
5005.0,71,150
5006.0,71,150
5007.0,71,150
5008.0,71,150
5009.0,71,150
5010.0,71,150
5011.0,71,150
5012.0,71,150
5013.0,71,150
5014.0,71,150
5015.0,71,150
5016.0,71,150
5017.0,71,150
5018.0,71,150
5019.0,71,150
5020.0,71,150
5021.0,71,150
5022.0,71,150
5023.0,71,150
5024.0,71,150
5025.0,71,150
5026.0,71,150
5027.0,71,150
5028.0,71,150
5029.0,71,150
5030.0,71,150
5031.0,71,150
5032.0,71,150
5033.0,71,150
5034.0,71,150
5035.0,71,150
5036.0,71,150
5037.0,71,150
5038.0,71,150
5039.0,71,150
5040.0,71,150
5041.0,71,150
5042.0,71,150
5043.0,71,150
5044.0,71,150
5045.0,71,150
5046.0,71,150
5047.0,71,150
5048.0,71,150
5049.0,71,150
5050.0,71,150
5051.0,71,150
5052.0,71,150
5053.0,71,150
5054.0,71,150
5055.0,71,150
5056.0,71,150
5057.0,71,150
5058.0,71,150
5059.0,71,150
5060.0,71,150
5061.0,71,150
5062.0,71,150
5063.0,71,150
5064.0,71,150
5065.0,71,150
5066.0,71,150
5067.0,71,150
5068.0,71,150
5069.0,71,150
5070.0,71,150
5071.0,71,150
5072.0,71,150
5073.0,71,150
5074.0,71,150
5075.0,71,150
5076.0,71,150
5077.0,71,150
5078.0,71,150
5079.0,71,150
5080.0,71,150
5081.0,71,150
5082.0,71,150
5083.0,71,150
5084.0,71,150
5085.0,71,150
5086.0,71,150
5087.0,71,150
5088.0,71,150
5089.0,71,150
5090.0,71,150
5091.0,71,150
5092.0,71,150
5093.0,71,150
5094.0,71,150
5095.0,71,150
5096.0,71,150
5097.0,71,150
5098.0,71,150
5099.0,71,150
5100.0,71,150
5101.0,71,150
5102.0,71,150
5103.0,71,150
5104.0,71,150
5105.0,71,150
5106.0,71,150
5107.0,71,150
5108.0,71,150
5109.0,71,150
5110.0,71,150
5111.0,71,150
5112.0,71,150
5113.0,71,150
5114.0,71,150
5115.0,71,150
5116.0,71,150
5117.0,71,150
5118.0,71,150
5119.0,71,150
5120.0,71,150
5121.0,71,150
5122.0,71,150
5123.0,71,150
5124.0,71,150
5125.0,71,150
5126.0,71,150
5127.0,71,150
5128.0,71,150
5129.0,71,150
5130.0,71,150
5131.0,71,150
5132.0,71,150
5133.0,71,150
5134.0,71,150
5135.0,71,150
5136.0,71,150
5137.0,71,150
5138.0,71,150
5139.0,71,150
5140.0,71,150
5141.0,71,150
5142.0,71,150
5143.0,71,150
5144.0,71,150
5145.0,71,150
5146.0,71,150
5147.0,71,150
5148.0,71,150
5149.0,71,150
5150.0,71,150
5151.0,71,150
5152.0,71,150
5153.0,71,150
5154.0,71,150
5155.0,71,150
5156.0,71,150
5157.0,71,150
5158.0,71,150
5159.0,71,150
5160.0,71,150
5161.0,71,150
5162.0,71,150
5163.0,71,150
5164.0,71,150
5165.0,71,150
5166.0,71,150
5167.0,71,150
5168.0,71,150
5169.0,71,150
5170.0,71,150
5171.0,71,150
5172.0,71,150
5173.0,71,150
5174.0,71,150
5175.0,71,150
5176.0,71,150
5177.0,71,150
5178.0,71,150
5179.0,71,150
5180.0,71,150
5181.0,71,150
5182.0,71,150
5183.0,71,150
5184.0,71,150
5185.0,71,150
5186.0,71,150
5187.0,71,150
5188.0,71,150
5189.0,71,150
5190.0,71,150
5191.0,71,150
5192.0,71,150
5193.0,71,150
5194.0,71,150
5195.0,71,150
5196.0,71,150
5197.0,71,150
5198.0,71,150
5199.0,71,150
5200.0,71,150
5201.0,71,150
5202.0,71,150
5203.0,71,150
5204.0,71,150
5205.0,71,150
5206.0,71,150
5207.0,71,150
5208.0,71,150
5209.0,71,150
5210.0,71,150
5211.0,71,150
5212.0,71,150
5213.0,71,150
5214.0,71,150
5215.0,71,150
5216.0,71,150
5217.0,71,150
5218.0,71,150
5219.0,71,150
5220.0,71,150
5221.0,71,150
5222.0,71,150
5223.0,71,150
5224.0,71,150
5225.0,71,150
5226.0,71,150
5227.0,71,150
5228.0,71,150
5229.0,71,150
5230.0,71,150
5231.0,71,150
5232.0,71,150
5233.0,71,150
5234.0,71,150
5235.0,71,150
5236.0,71,150
5237.0,71,150
5238.0,71,150
5239.0,71,150
5240.0,71,150
5241.0,71,150
5242.0,71,150
5243.0,71,150
5244.0,71,150
5245.0,71,150
5246.0,71,150
5247.0,71,150
5248.0,71,150
5249.0,71,150
5250.0,71,150
5251.0,71,150
5252.0,71,150
5253.0,71,150
5254.0,71,150
5255.0,71,150
5256.0,71,150
5257.0,71,150
5258.0,71,150
5259.0,71,150
5260.0,71,150
5261.0,71,150
5262.0,71,150
5263.0,71,150
5264.0,71,150
5265.0,71,150
5266.0,71,150
5267.0,71,150
5268.0,71,150
5269.0,71,150
5270.0,71,150
5271.0,71,150
5272.0,71,150
5273.0,71,150
5274.0,71,150
5275.0,71,150
5276.0,71,150
5277.0,71,150
5278.0,71,150
5279.0,71,150
5280.0,71,150
5281.0,71,150
5282.0,71,150
5283.0,71,150
5284.0,71,150
5285.0,71,150
5286.0,71,150
5287.0,71,150
5288.0,71,150
5289.0,71,150
5290.0,71,150
5291.0,71,150
5292.0,71,150
5293.0,71,150
5294.0,71,150
5295.0,71,150
5296.0,71,150
5297.0,71,150
5298.0,71,150
5299.0,71,150
5300.0,71,150
5301.0,71,150
5302.0,71,150
5303.0,71,150
5304.0,71,150
5305.0,71,150
5306.0,71,150
5307.0,71,150
5308.0,71,150
5309.0,71,150
5310.0,71,150
5311.0,71,150
5312.0,71,150
5313.0,71,150
5314.0,71,150
5315.0,71,150
5316.0,71,150
5317.0,71,150
5318.0,71,150
5319.0,71,150
5320.0,71,150
5321.0,71,150
5322.0,71,150
5323.0,71,150
5324.0,71,150
5325.0,71,150
5326.0,71,150
5327.0,71,150
5328.0,71,150
5329.0,71,150
5330.0,71,150
5331.0,71,150
5332.0,71,150
5333.0,71,150
5334.0,71,150
5335.0,71,150
5336.0,71,150
5337.0,71,150
5338.0,71,150
5339.0,71,150
5340.0,71,150
5341.0,71,150
5342.0,71,150
5343.0,71,150
5344.0,71,150
5345.0,71,150
5346.0,71,150
5347.0,71,150
5348.0,71,150
5349.0,71,150
5350.0,71,150
5351.0,71,150
5352.0,71,150
5353.0,71,150
5354.0,71,150
5355.0,71,150
5356.0,71,150
5357.0,71,150
5358.0,71,150
5359.0,71,150
5360.0,71,150
5361.0,71,150
5362.0,71,150
5363.0,71,150
5364.0,71,150
5365.0,71,150
5366.0,71,150
5367.0,71,150
5368.0,71,150
5369.0,71,150
5370.0,71,150
5371.0,71,150
5372.0,71,150
5373.0,71,150
5374.0,71,150
5375.0,71,150
5376.0,71,150
5377.0,71,150
5378.0,71,150
5379.0,71,150
5380.0,71,150
5381.0,71,150
5382.0,71,150
5383.0,71,150
5384.0,71,150
5385.0,71,150
5386.0,71,150
5387.0,71,150
5388.0,71,150
5389.0,71,150
5390.0,71,150
5391.0,71,150
5392.0,71,150
5393.0,71,150
5394.0,71,150
5395.0,71,150
5396.0,71,150
5397.0,71,150
5398.0,71,150
5399.0,71,150
5400.0,71,150
5401.0,71,150
5402.0,71,150
5403.0,71,150
5404.0,71,150
5405.0,71,150
5406.0,71,150
5407.0,71,150
5408.0,71,150
5409.0,71,150
5410.0,71,150
5411.0,71,150
5412.0,71,150
5413.0,71,150
5414.0,71,150
5415.0,71,150
5416.0,71,150
5417.0,71,150
5418.0,71,150
5419.0,71,150
5420.0,71,150
5421.0,71,150
5422.0,71,150
5423.0,71,150
5424.0,71,150
5425.0,71,150
5426.0,71,150
5427.0,71,150
5428.0,71,150
5429.0,71,150
5430.0,71,150
5431.0,71,150
5432.0,71,150
5433.0,71,150
5434.0,71,150
5435.0,71,150
5436.0,71,150
5437.0,71,150
5438.0,71,150
5439.0,71,150
5440.0,71,150
5441.0,71,150
5442.0,71,150
5443.0,71,150
5444.0,71,150
5445.0,71,150
5446.0,71,150
5447.0,71,150
5448.0,71,150
5449.0,71,150
5450.0,71,150
5451.0,71,150
5452.0,71,150
5453.0,71,150
5454.0,71,150
5455.0,71,150
5456.0,71,150
5457.0,71,150
5458.0,71,150
5459.0,71,150
5460.0,71,150
5461.0,71,150
5462.0,71,150
5463.0,71,150
5464.0,71,150
5465.0,71,150
5466.0,71,150
5467.0,71,150
5468.0,71,150
5469.0,71,150
5470.0,71,150
5471.0,71,150
5472.0,71,150
5473.0,71,150
5474.0,71,150
5475.0,71,150
5476.0,71,150
5477.0,71,150
5478.0,71,150
5479.0,71,150
5480.0,71,150
5481.0,71,150
5482.0,71,150
5483.0,71,150
5484.0,71,150
5485.0,71,150
5486.0,71,150
5487.0,71,150
5488.0,71,150
5489.0,71,150
5490.0,71,150
5491.0,71,150
5492.0,71,150
5493.0,71,150
5494.0,71,150
5495.0,71,150
5496.0,71,150
5497.0,71,150
5498.0,71,150
5499.0,71,150
5500.0,71,150
5501.0,71,150
5502.0,71,150
5503.0,71,150
5504.0,71,150
5505.0,71,150
5506.0,71,150
5507.0,71,150
5508.0,71,150
5509.0,71,150
5510.0,71,150
5511.0,71,150
5512.0,71,150
5513.0,71,150
5514.0,71,150
5515.0,71,150
5516.0,71,150
5517.0,71,150
5518.0,71,150
5519.0,71,150
5520.0,71,150
5521.0,71,150
5522.0,71,150
5523.0,71,150
5524.0,71,150
5525.0,71,150
5526.0,71,150
5527.0,71,150
5528.0,71,150
5529.0,71,150
5530.0,71,150
5531.0,71,150
5532.0,71,150
5533.0,71,150
5534.0,71,150
5535.0,71,150
5536.0,71,150
5537.0,71,150
5538.0,71,150
5539.0,71,150
5540.0,71,150
5541.0,71,150
5542.0,71,150
5543.0,71,150
5544.0,71,150
5545.0,71,150
5546.0,71,150
5547.0,71,150
5548.0,71,150
5549.0,71,150
5550.0,71,150
5551.0,71,150
5552.0,71,150
5553.0,71,150
5554.0,71,150
5555.0,71,150
5556.0,71,150
5557.0,71,150
5558.0,71,150
5559.0,71,150
5560.0,71,150
5561.0,71,150
5562.0,71,150
5563.0,71,150
5564.0,71,150
5565.0,71,150
5566.0,71,150
5567.0,71,150
5568.0,71,150
5569.0,71,150
5570.0,71,150
5571.0,71,150
5572.0,71,150
5573.0,71,150
5574.0,71,150
5575.0,71,150
5576.0,71,150
5577.0,71,150
5578.0,71,150
5579.0,71,150
5580.0,71,150
5581.0,71,150
5582.0,71,150
5583.0,71,150
5584.0,71,150
5585.0,71,150
5586.0,71,150
5587.0,71,150
5588.0,71,150
5589.0,71,150
5590.0,71,150
5591.0,71,150
5592.0,71,150
5593.0,71,150
5594.0,71,150
5595.0,71,150
5596.0,71,150
5597.0,71,150
5598.0,71,150
5599.0,71,150
5600.0,71,150
5601.0,71,150
5602.0,71,150
5603.0,71,150
5604.0,71,150
5605.0,71,150
5606.0,71,150
5607.0,71,150
5608.0,71,150
5609.0,71,150
5610.0,71,150
5611.0,71,150
5612.0,71,150
5613.0,71,150
5614.0,71,150
5615.0,71,150
5616.0,71,150
5617.0,71,150
5618.0,71,150
5619.0,71,150
5620.0,71,150
5621.0,71,150
5622.0,71,150
5623.0,71,150
5624.0,71,150
5625.0,71,150
5626.0,71,150
5627.0,71,150
5628.0,71,150
5629.0,71,150
5630.0,71,150
5631.0,71,150
5632.0,71,150
5633.0,71,150
5634.0,71,150
5635.0,71,150
5636.0,71,150
5637.0,71,150
5638.0,71,150
5639.0,71,150
5640.0,71,150
5641.0,71,150
5642.0,71,150
5643.0,71,150
5644.0,71,150
5645.0,71,150
5646.0,71,150
5647.0,71,150
5648.0,71,150
5649.0,71,150
5650.0,71,150
5651.0,71,150
5652.0,71,150
5653.0,71,150
5654.0,71,150
5655.0,71,150
5656.0,71,150
5657.0,71,150
5658.0,71,150
5659.0,71,150
5660.0,71,150
5661.0,71,150
5662.0,71,150
5663.0,71,150
5664.0,71,150
5665.0,71,150
5666.0,71,150
5667.0,71,150
5668.0,71,150
5669.0,71,150
5670.0,71,150
5671.0,71,150
5672.0,71,150
5673.0,71,150
5674.0,71,150
5675.0,71,150
5676.0,71,150
5677.0,71,150
5678.0,71,150
5679.0,71,150
5680.0,71,150
5681.0,71,150
5682.0,71,150
5683.0,71,150
5684.0,71,150
5685.0,71,150
5686.0,71,150
5687.0,71,150
5688.0,71,150
5689.0,71,150
5690.0,71,150
5691.0,71,150
5692.0,71,150
5693.0,71,150
5694.0,71,150
5695.0,71,150
5696.0,71,150
5697.0,71,150
5698.0,71,150
5699.0,71,150
5700.0,71,150
5701.0,71,150
5702.0,71,150
5703.0,71,150
5704.0,71,150
5705.0,71,150
5706.0,71,150
5707.0,71,150
5708.0,71,150
5709.0,71,150
5710.0,71,150
5711.0,71,150
5712.0,71,150
5713.0,71,150
5714.0,71,150
5715.0,71,150
5716.0,71,150
5717.0,71,150
5718.0,71,150
5719.0,71,150
5720.0,71,150
5721.0,71,150
5722.0,71,150
5723.0,71,150
5724.0,71,150
5725.0,71,150
5726.0,71,150
5727.0,71,150
5728.0,71,150
5729.0,71,150
5730.0,71,150
5731.0,71,150
5732.0,71,150
5733.0,71,150
5734.0,71,150
5735.0,71,150
5736.0,71,150
5737.0,71,150
5738.0,71,150
5739.0,71,150
5740.0,71,150
5741.0,71,150
5742.0,71,150
5743.0,71,150
5744.0,71,150
5745.0,71,150
5746.0,71,150
5747.0,71,150
5748.0,71,150
5749.0,71,150
5750.0,71,150
5751.0,71,150
5752.0,71,150
5753.0,71,150
5754.0,71,150
5755.0,71,150
5756.0,71,150
5757.0,71,150
5758.0,71,150
5759.0,71,150
5760.0,71,150
5761.0,71,150
5762.0,71,150
5763.0,71,150
5764.0,71,150
5765.0,71,150
5766.0,71,150
5767.0,71,150
5768.0,71,150
5769.0,71,150
5770.0,71,150
5771.0,71,150
5772.0,71,150
5773.0,71,150
5774.0,71,150
5775.0,71,150
5776.0,71,150
5777.0,71,150
5778.0,71,150
5779.0,71,150
5780.0,71,150
5781.0,71,150
5782.0,71,150
5783.0,71,150
5784.0,71,150
5785.0,71,150
5786.0,71,150
5787.0,71,150
5788.0,71,150
5789.0,71,150
5790.0,71,150
5791.0,71,150
5792.0,71,150
5793.0,71,150
5794.0,71,150
5795.0,71,150
5796.0,71,150
5797.0,71,150
5798.0,71,150
5799.0,71,150
5800.0,71,150
5801.0,71,150
5802.0,71,150
5803.0,71,150
5804.0,71,150
5805.0,71,150
5806.0,71,150
5807.0,71,150
5808.0,71,150
5809.0,71,150
5810.0,71,150
5811.0,71,150
5812.0,71,150
5813.0,71,150
5814.0,71,150
5815.0,71,150
5816.0,71,150
5817.0,71,150
5818.0,71,150
5819.0,71,150
5820.0,71,150
5821.0,71,150
5822.0,71,150
5823.0,71,150
5824.0,71,150
5825.0,71,150
5826.0,71,150
5827.0,71,150
5828.0,71,150
5829.0,71,150
5830.0,71,150
5831.0,71,150
5832.0,71,150
5833.0,71,150
5834.0,71,150
5835.0,71,150
5836.0,71,150
5837.0,71,150
5838.0,71,150
5839.0,71,150
5840.0,71,150
5841.0,71,150
5842.0,71,150
5843.0,71,150
5844.0,71,150
5845.0,71,150
5846.0,71,150
5847.0,71,150
5848.0,71,150
5849.0,71,150
5850.0,71,150
5851.0,71,150
5852.0,71,150
5853.0,71,150
5854.0,71,150
5855.0,71,150
5856.0,71,150
5857.0,71,150
5858.0,71,150
5859.0,71,150
5860.0,71,150
5861.0,71,150
5862.0,71,150
5863.0,71,150
5864.0,71,150
5865.0,71,150
5866.0,71,150
5867.0,71,150
5868.0,71,150
5869.0,71,150
5870.0,71,150
5871.0,71,150
5872.0,71,150
5873.0,71,150
5874.0,71,150
5875.0,71,150
5876.0,71,150
5877.0,71,150
5878.0,71,150
5879.0,71,150
5880.0,71,150
5881.0,71,150
5882.0,71,150
5883.0,71,150
5884.0,71,150
5885.0,71,150
5886.0,71,150
5887.0,71,150
5888.0,71,150
5889.0,71,150
5890.0,71,150
5891.0,71,150
5892.0,71,150
5893.0,71,150
5894.0,71,150
5895.0,71,150
5896.0,71,150
5897.0,71,150
5898.0,71,150
5899.0,71,150
5900.0,71,150
5901.0,71,150
5902.0,71,150
5903.0,71,150
5904.0,71,150
5905.0,71,150
5906.0,71,150
5907.0,71,150
5908.0,71,150
5909.0,71,150
5910.0,71,150
5911.0,71,150
5912.0,71,150
5913.0,71,150
5914.0,71,150
5915.0,71,150
5916.0,71,150
5917.0,71,150
5918.0,71,150
5919.0,71,150
5920.0,71,150
5921.0,71,150
5922.0,71,150
5923.0,71,150
5924.0,71,150
5925.0,71,150
5926.0,71,150
5927.0,71,150
5928.0,71,150
5929.0,71,150
5930.0,71,150
5931.0,71,150
5932.0,71,150
5933.0,71,150
5934.0,71,150
5935.0,71,150
5936.0,71,150
5937.0,71,150
5938.0,71,150
5939.0,71,150
5940.0,71,150
5941.0,71,150
5942.0,71,150
5943.0,71,150
5944.0,71,150
5945.0,71,150
5946.0,71,150
5947.0,71,150
5948.0,71,150
5949.0,71,150
5950.0,71,150
5951.0,71,150
5952.0,71,150
5953.0,71,150
5954.0,71,150
5955.0,71,150
5956.0,71,150
5957.0,71,150
5958.0,71,150
5959.0,71,150
5960.0,71,150
5961.0,71,150
5962.0,71,150
5963.0,71,150
5964.0,71,150
5965.0,71,150
5966.0,71,150
5967.0,71,150
5968.0,71,150
5969.0,71,150
5970.0,71,150
5971.0,71,150
5972.0,71,150
5973.0,71,150
5974.0,71,150
5975.0,71,150
5976.0,71,150
5977.0,71,150
5978.0,71,150
5979.0,71,150
5980.0,71,150
5981.0,71,150
5982.0,71,150
5983.0,71,150
5984.0,71,150
5985.0,71,150
5986.0,71,150
5987.0,71,150
5988.0,71,150
5989.0,71,150
5990.0,71,150
5991.0,71,150
5992.0,71,150
5993.0,71,150
5994.0,71,150
5995.0,71,150
5996.0,71,150
5997.0,71,150
5998.0,71,150
5999.0,71,150
6000.0,71,150
6001.0,71,150
6002.0,71,150
6003.0,71,150
6004.0,71,150
6005.0,71,150
6006.0,71,150
6007.0,71,150
6008.0,71,150
6009.0,71,150
6010.0,71,150
6011.0,71,150
6012.0,71,150
6013.0,71,150
6014.0,71,150
6015.0,71,150
6016.0,71,150
6017.0,71,150
6018.0,71,150
6019.0,71,150
6020.0,71,150
6021.0,71,150
6022.0,71,150
6023.0,71,150
6024.0,71,150
6025.0,71,150
6026.0,71,150
6027.0,71,150
6028.0,71,150
6029.0,71,150
6030.0,71,150
6031.0,71,150
6032.0,71,150
6033.0,71,150
6034.0,71,150
6035.0,71,150
6036.0,71,150
6037.0,71,150
6038.0,71,150
6039.0,71,150
6040.0,71,150
6041.0,71,150
6042.0,71,150
6043.0,71,150
6044.0,71,150
6045.0,71,150
6046.0,71,150
6047.0,71,150
6048.0,71,150
6049.0,71,150
6050.0,71,150
6051.0,71,150
6052.0,71,150
6053.0,71,150
6054.0,71,150
6055.0,71,150
6056.0,71,150
6057.0,71,150
6058.0,71,150
6059.0,71,150
6060.0,71,150
6061.0,71,150
6062.0,71,150
6063.0,71,150
6064.0,71,150
6065.0,71,150
6066.0,71,150
6067.0,71,150
6068.0,71,150
6069.0,71,150
6070.0,71,150
6071.0,71,150
6072.0,71,150
6073.0,71,150
6074.0,71,150
6075.0,71,150
6076.0,71,150
6077.0,71,150
6078.0,71,150
6079.0,71,150
6080.0,71,150
6081.0,71,150
6082.0,71,150
6083.0,71,150
6084.0,71,150
6085.0,71,150
6086.0,71,150
6087.0,71,150
6088.0,71,150
6089.0,71,150
6090.0,71,150
6091.0,71,150
6092.0,71,150
6093.0,71,150
6094.0,71,150
6095.0,71,150
6096.0,71,150
6097.0,71,150
6098.0,71,150
6099.0,71,150
6100.0,71,150
6101.0,71,150
6102.0,71,150
6103.0,71,150
6104.0,71,150
6105.0,71,150
6106.0,71,150
6107.0,71,150
6108.0,71,150
6109.0,71,150
6110.0,71,150
6111.0,71,150
6112.0,71,150
6113.0,71,150
6114.0,71,150
6115.0,71,150
6116.0,71,150
6117.0,71,150
6118.0,71,150
6119.0,71,150
6120.0,71,150
6121.0,71,150
6122.0,71,150
6123.0,71,150
6124.0,71,150
6125.0,71,150
6126.0,71,150
6127.0,71,150
6128.0,71,150
6129.0,71,150
6130.0,71,150
6131.0,71,150
6132.0,71,150
6133.0,71,150
6134.0,71,150
6135.0,71,150
6136.0,71,150
6137.0,71,150
6138.0,71,150
6139.0,71,150
6140.0,71,150
6141.0,71,150
6142.0,71,150
6143.0,71,150
6144.0,71,150
6145.0,71,150
6146.0,71,150
6147.0,71,150
6148.0,71,150
6149.0,71,150
6150.0,71,150
6151.0,71,150
6152.0,71,150
6153.0,71,150
6154.0,71,150
6155.0,71,150
6156.0,71,150
6157.0,71,150
6158.0,71,150
6159.0,71,150
6160.0,71,150
6161.0,71,150
6162.0,71,150
6163.0,71,150
6164.0,71,150
6165.0,71,150
6166.0,71,150
6167.0,71,150
6168.0,71,150
6169.0,71,150
6170.0,71,150
6171.0,71,150
6172.0,71,150
6173.0,71,150
6174.0,71,150
6175.0,71,150
6176.0,71,150
6177.0,71,150
6178.0,71,150
6179.0,71,150
6180.0,71,150
6181.0,71,150
6182.0,71,150
6183.0,71,150
6184.0,71,150
6185.0,71,150
6186.0,71,150
6187.0,71,150
6188.0,71,150
6189.0,71,150
6190.0,71,150
6191.0,71,150
6192.0,71,150
6193.0,71,150
6194.0,71,150
6195.0,71,150
6196.0,71,150
6197.0,71,150
6198.0,71,150
6199.0,71,150
6200.0,71,150
6201.0,71,150
6202.0,71,150
6203.0,71,150
6204.0,71,150
6205.0,71,150
6206.0,71,150
6207.0,71,150
6208.0,71,150
6209.0,71,150
6210.0,71,150
6211.0,71,150
6212.0,71,150
6213.0,71,150
6214.0,71,150
6215.0,71,150
6216.0,71,150
6217.0,71,150
6218.0,71,150
6219.0,71,150
6220.0,71,150
6221.0,71,150
6222.0,71,150
6223.0,71,150
6224.0,71,150
6225.0,71,150
6226.0,71,150
6227.0,71,150
6228.0,71,150
6229.0,71,150
6230.0,71,150
6231.0,71,150
6232.0,71,150
6233.0,71,150
6234.0,71,150
6235.0,71,150
6236.0,71,150
6237.0,71,150
6238.0,71,150
6239.0,71,150
6240.0,71,150
6241.0,71,150
6242.0,71,150
6243.0,71,150
6244.0,71,150
6245.0,71,150
6246.0,71,150
6247.0,71,150
6248.0,71,150
6249.0,71,150
6250.0,71,150
6251.0,71,150
6252.0,71,150
6253.0,71,150
6254.0,71,150
6255.0,71,150
6256.0,71,150
6257.0,71,150
6258.0,71,150
6259.0,71,150
6260.0,71,150
6261.0,71,150
6262.0,71,150
6263.0,71,150
6264.0,71,150
6265.0,71,150
6266.0,71,150
6267.0,71,150
6268.0,71,150
6269.0,71,150
6270.0,71,150
6271.0,71,150
6272.0,71,150
6273.0,71,150
6274.0,71,150
6275.0,71,150
6276.0,71,150
6277.0,71,150
6278.0,71,150
6279.0,71,150
6280.0,71,150
6281.0,71,150
6282.0,71,150
6283.0,71,150
6284.0,71,150
6285.0,71,150
6286.0,71,150
6287.0,71,150
6288.0,71,150
6289.0,71,150
6290.0,71,150
6291.0,71,150
6292.0,71,150
6293.0,71,150
6294.0,71,150
6295.0,71,150
6296.0,71,150
6297.0,71,150
6298.0,71,150
6299.0,71,150
6300.0,71,150
6301.0,71,150
6302.0,71,150
6303.0,71,150
6304.0,71,150
6305.0,71,150
6306.0,71,150
6307.0,71,150
6308.0,71,150
6309.0,71,150
6310.0,71,150
6311.0,71,150
6312.0,71,150
6313.0,71,150
6314.0,71,150
6315.0,71,150
6316.0,71,150
6317.0,71,150
6318.0,71,150
6319.0,71,150
6320.0,71,150
6321.0,71,150
6322.0,71,150
6323.0,71,150
6324.0,71,150
6325.0,71,150
6326.0,71,150
6327.0,71,150
6328.0,71,150
6329.0,71,150
6330.0,71,150
6331.0,71,150
6332.0,71,150
6333.0,71,150
6334.0,71,150
6335.0,71,150
6336.0,71,150
6337.0,71,150
6338.0,71,150
6339.0,71,150
6340.0,71,150
6341.0,71,150
6342.0,71,150
6343.0,71,150
6344.0,71,150
6345.0,71,150
6346.0,71,150
6347.0,71,150
6348.0,71,150
6349.0,71,150
6350.0,71,150
6351.0,71,150
6352.0,71,150
6353.0,71,150
6354.0,71,150
6355.0,71,150
6356.0,71,150
6357.0,71,150
6358.0,71,150
6359.0,71,150
6360.0,71,150
6361.0,71,150
6362.0,71,150
6363.0,71,150
6364.0,71,150
6365.0,71,150
6366.0,71,150
6367.0,71,150
6368.0,71,150
6369.0,71,150
6370.0,71,150
6371.0,71,150
6372.0,71,150
6373.0,71,150
6374.0,71,150
6375.0,71,150
6376.0,71,150
6377.0,71,150
6378.0,71,150
6379.0,71,150
6380.0,71,150
6381.0,71,150
6382.0,71,150
6383.0,71,150
6384.0,71,150
6385.0,71,150
6386.0,71,150
6387.0,71,150
6388.0,71,150
6389.0,71,150
6390.0,71,150
6391.0,71,150
6392.0,71,150
6393.0,71,150
6394.0,71,150
6395.0,71,150
6396.0,71,150
6397.0,71,150
6398.0,71,150
6399.0,71,150
6400.0,71,150
6401.0,71,150
6402.0,71,150
6403.0,71,150
6404.0,71,150
6405.0,71,150
6406.0,71,150
6407.0,71,150
6408.0,71,150
6409.0,71,150
6410.0,71,150
6411.0,71,150
6412.0,71,150
6413.0,71,150
6414.0,71,150
6415.0,71,150
6416.0,71,150
6417.0,71,150
6418.0,71,150
6419.0,71,150
6420.0,71,150
6421.0,71,150
6422.0,71,150
6423.0,71,150
6424.0,71,150
6425.0,71,150
6426.0,71,150
6427.0,71,150
6428.0,71,150
6429.0,71,150
6430.0,71,150
6431.0,71,150
6432.0,71,150
6433.0,71,150
6434.0,71,150
6435.0,71,150
6436.0,71,150
6437.0,71,150
6438.0,71,150
6439.0,71,150
6440.0,71,150
6441.0,71,150
6442.0,71,150
6443.0,71,150
6444.0,71,150
6445.0,71,150
6446.0,71,150
6447.0,71,150
6448.0,71,150
6449.0,71,150
6450.0,71,150
6451.0,71,150
6452.0,71,150
6453.0,71,150
6454.0,71,150
6455.0,71,150
6456.0,71,150
6457.0,71,150
6458.0,71,150
6459.0,71,150
6460.0,71,150
6461.0,71,150
6462.0,71,150
6463.0,71,150
6464.0,71,150
6465.0,71,150
6466.0,71,150
6467.0,71,150
6468.0,71,150
6469.0,71,150
6470.0,71,150
6471.0,71,150
6472.0,71,150
6473.0,71,150
6474.0,71,150
6475.0,71,150
6476.0,71,150
6477.0,71,150
6478.0,71,150
6479.0,71,150
6480.0,71,150
6481.0,71,150
6482.0,71,150
6483.0,71,150
6484.0,71,150
6485.0,71,150
6486.0,71,150
6487.0,71,150
6488.0,71,150
6489.0,71,150
6490.0,71,150
6491.0,71,150
6492.0,71,150
6493.0,71,150
6494.0,71,150
6495.0,71,150
6496.0,71,150
6497.0,71,150
6498.0,71,150
6499.0,71,150
6500.0,71,150
6501.0,71,150
6502.0,71,150
6503.0,71,150
6504.0,71,150
6505.0,71,150
6506.0,71,150
6507.0,71,150
6508.0,71,150
6509.0,71,150
6510.0,71,150
6511.0,71,150
6512.0,71,150
6513.0,71,150
6514.0,71,150
6515.0,71,150
6516.0,71,150
6517.0,71,150
6518.0,71,150
6519.0,71,150
6520.0,71,150
6521.0,71,150
6522.0,71,150
6523.0,71,150
6524.0,71,150
6525.0,71,150
6526.0,71,150
6527.0,71,150
6528.0,71,150
6529.0,71,150
6530.0,71,150
6531.0,71,150
6532.0,71,150
6533.0,71,150
6534.0,71,150
6535.0,71,150
6536.0,71,150
6537.0,71,150
6538.0,71,150
6539.0,71,150
6540.0,71,150
6541.0,71,150
6542.0,71,150
6543.0,71,150
6544.0,71,150
6545.0,71,150
6546.0,71,150
6547.0,71,150
6548.0,71,150
6549.0,71,150
6550.0,71,150
6551.0,71,150
6552.0,71,150
6553.0,71,150
6554.0,71,150
6555.0,71,150
6556.0,71,150
6557.0,71,150
6558.0,71,150
6559.0,71,150
6560.0,71,150
6561.0,71,150
6562.0,71,150
6563.0,71,150
6564.0,71,150
6565.0,71,150
6566.0,71,150
6567.0,71,150
6568.0,71,150
6569.0,71,150
6570.0,71,150
6571.0,71,150
6572.0,71,150
6573.0,71,150
6574.0,71,150
6575.0,71,150
6576.0,71,150
6577.0,71,150
6578.0,71,150
6579.0,71,150
6580.0,71,150
6581.0,71,150
6582.0,71,150
6583.0,71,150
6584.0,71,150
6585.0,71,150
6586.0,71,150
6587.0,71,150
6588.0,71,150
6589.0,71,150
6590.0,71,150
6591.0,71,150
6592.0,71,150
6593.0,71,150
6594.0,71,150
6595.0,71,150
6596.0,71,150
6597.0,71,150
6598.0,71,150
6599.0,71,150
6600.0,71,150
6601.0,71,150
6602.0,71,150
6603.0,71,150
6604.0,71,150
6605.0,71,150
6606.0,71,150
6607.0,71,150
6608.0,71,150
6609.0,71,150
6610.0,71,150
6611.0,71,150
6612.0,71,150
6613.0,71,150
6614.0,71,150
6615.0,71,150
6616.0,71,150
6617.0,71,150
6618.0,71,150
6619.0,71,150
6620.0,71,150
6621.0,71,150
6622.0,71,150
6623.0,71,150
6624.0,71,150
6625.0,71,150
6626.0,71,150
6627.0,71,150
6628.0,71,150
6629.0,71,150
6630.0,71,150
6631.0,71,150
6632.0,71,150
6633.0,71,150
6634.0,71,150
6635.0,71,150
6636.0,71,150
6637.0,71,150
6638.0,71,150
6639.0,71,150
6640.0,71,150
6641.0,71,150
6642.0,71,150
6643.0,71,150
6644.0,71,150
6645.0,71,150
6646.0,71,150
6647.0,71,150
6648.0,71,150
6649.0,71,150
6650.0,71,150
6651.0,71,150
6652.0,71,150
6653.0,71,150
6654.0,71,150
6655.0,71,150
6656.0,71,150
6657.0,71,150
6658.0,71,150
6659.0,71,150
6660.0,71,150
6661.0,71,150
6662.0,71,150
6663.0,71,150
6664.0,71,150
6665.0,71,150
6666.0,71,150
6667.0,71,150
6668.0,71,150
6669.0,71,150
6670.0,71,150
6671.0,71,150
6672.0,71,150
6673.0,71,150
6674.0,71,150
6675.0,71,150
6676.0,71,150
6677.0,71,150
6678.0,71,150
6679.0,71,150
6680.0,71,150
6681.0,71,150
6682.0,71,150
6683.0,71,150
6684.0,71,150
6685.0,71,150
6686.0,71,150
6687.0,71,150
6688.0,71,150
6689.0,71,150
6690.0,71,150
6691.0,71,150
6692.0,71,150
6693.0,71,150
6694.0,71,150
6695.0,71,150
6696.0,71,150
6697.0,71,150
6698.0,71,150
6699.0,71,150
6700.0,71,150
6701.0,71,150
6702.0,71,150
6703.0,71,150
6704.0,71,150
6705.0,71,150
6706.0,71,150
6707.0,71,150
6708.0,71,150
6709.0,71,150
6710.0,71,150
6711.0,71,150
6712.0,71,150
6713.0,71,150
6714.0,71,150
6715.0,71,150
6716.0,71,150
6717.0,71,150
6718.0,71,150
6719.0,71,150
6720.0,71,150
6721.0,71,150
6722.0,71,150
6723.0,71,150
6724.0,71,150
6725.0,71,150
6726.0,71,150
6727.0,71,150
6728.0,71,150
6729.0,71,150
6730.0,71,150
6731.0,71,150
6732.0,71,150
6733.0,71,150
6734.0,71,150
6735.0,71,150
6736.0,71,150
6737.0,71,150
6738.0,71,150
6739.0,71,150
6740.0,71,150
6741.0,71,150
6742.0,71,150
6743.0,71,150
6744.0,71,150
6745.0,71,150
6746.0,71,150
6747.0,71,150
6748.0,71,150
6749.0,71,150
6750.0,71,150
6751.0,71,150
6752.0,71,150
6753.0,71,150
6754.0,71,150
6755.0,71,150
6756.0,71,150
6757.0,71,150
6758.0,71,150
6759.0,71,150
6760.0,71,150
6761.0,71,150
6762.0,71,150
6763.0,71,150
6764.0,71,150
6765.0,71,150
6766.0,71,150
6767.0,71,150
6768.0,71,150
6769.0,71,150
6770.0,71,150
6771.0,71,150
6772.0,71,150
6773.0,71,150
6774.0,71,150
6775.0,71,150
6776.0,71,150
6777.0,71,150
6778.0,71,150
6779.0,71,150
6780.0,71,150
6781.0,71,150
6782.0,71,150
6783.0,71,150
6784.0,71,150
6785.0,71,150
6786.0,71,150
6787.0,71,150
6788.0,71,150
6789.0,71,150
6790.0,71,150
6791.0,71,150
6792.0,71,150
6793.0,71,150
6794.0,71,150
6795.0,71,150
6796.0,71,150
6797.0,71,150
6798.0,71,150
6799.0,71,150
6800.0,71,150
6801.0,71,150
6802.0,71,150
6803.0,71,150
6804.0,71,150
6805.0,71,150
6806.0,71,150
6807.0,71,150
6808.0,71,150
6809.0,71,150
6810.0,71,150
6811.0,71,150
6812.0,71,150
6813.0,71,150
6814.0,71,150
6815.0,71,150
6816.0,71,150
6817.0,71,150
6818.0,71,150
6819.0,71,150
6820.0,71,150
6821.0,71,150
6822.0,71,150
6823.0,71,150
6824.0,71,150
6825.0,71,150
6826.0,71,150
6827.0,71,150
6828.0,71,150
6829.0,71,150
6830.0,71,150
6831.0,71,150
6832.0,71,150
6833.0,71,150
6834.0,71,150
6835.0,71,150
6836.0,71,150
6837.0,71,150
6838.0,71,150
6839.0,71,150
6840.0,71,150
6841.0,71,150
6842.0,71,150
6843.0,71,150
6844.0,71,150
6845.0,71,150
6846.0,71,150
6847.0,71,150
6848.0,71,150
6849.0,71,150
6850.0,71,150
6851.0,71,150
6852.0,71,150
6853.0,71,150
6854.0,71,150
6855.0,71,150
6856.0,71,150
6857.0,71,150
6858.0,71,150
6859.0,71,150
6860.0,71,150
6861.0,71,150
6862.0,71,150
6863.0,71,150
6864.0,71,150
6865.0,71,150
6866.0,71,150
6867.0,71,150
6868.0,71,150
6869.0,71,150
6870.0,71,150
6871.0,71,150
6872.0,71,150
6873.0,71,150
6874.0,71,150
6875.0,71,150
6876.0,71,150
6877.0,71,150
6878.0,71,150
6879.0,71,150
6880.0,71,150
6881.0,71,150
6882.0,71,150
6883.0,71,150
6884.0,71,150
6885.0,71,150
6886.0,71,150
6887.0,71,150
6888.0,71,150
6889.0,71,150
6890.0,71,150
6891.0,71,150
6892.0,71,150
6893.0,71,150
6894.0,71,150
6895.0,71,150
6896.0,71,150
6897.0,71,150
6898.0,71,150
6899.0,71,150
6900.0,71,150
6901.0,71,150
6902.0,71,150
6903.0,71,150
6904.0,71,150
6905.0,71,150
6906.0,71,150
6907.0,71,150
6908.0,71,150
6909.0,71,150
6910.0,71,150
6911.0,71,150
6912.0,71,150
6913.0,71,150
6914.0,71,150
6915.0,71,150
6916.0,71,150
6917.0,71,150
6918.0,71,150
6919.0,71,150
6920.0,71,150
6921.0,71,150
6922.0,71,150
6923.0,71,150
6924.0,71,150
6925.0,71,150
6926.0,71,150
6927.0,71,150
6928.0,71,150
6929.0,71,150
6930.0,71,150
6931.0,71,150
6932.0,71,150
6933.0,71,150
6934.0,71,150
6935.0,71,150
6936.0,71,150
6937.0,71,150
6938.0,71,150
6939.0,71,150
6940.0,71,150
6941.0,71,150
6942.0,71,150
6943.0,71,150
6944.0,71,150
6945.0,71,150
6946.0,71,150
6947.0,71,150
6948.0,71,150
6949.0,71,150
6950.0,71,150
6951.0,71,150
6952.0,71,150
6953.0,71,150
6954.0,71,150
6955.0,71,150
6956.0,71,150
6957.0,71,150
6958.0,71,150
6959.0,71,150
6960.0,71,150
6961.0,71,150
6962.0,71,150
6963.0,71,150
6964.0,71,150
6965.0,71,150
6966.0,71,150
6967.0,71,150
6968.0,71,150
6969.0,71,150
6970.0,71,150
6971.0,71,150
6972.0,71,150
6973.0,71,150
6974.0,71,150
6975.0,71,150
6976.0,71,150
6977.0,71,150
6978.0,71,150
6979.0,71,150
6980.0,71,150
6981.0,71,150
6982.0,71,150
6983.0,71,150
6984.0,71,150
6985.0,71,150
6986.0,71,150
6987.0,71,150
6988.0,71,150
6989.0,71,150
6990.0,71,150
6991.0,71,150
6992.0,71,150
6993.0,71,150
6994.0,71,150
6995.0,71,150
6996.0,71,150
6997.0,71,150
6998.0,71,150
6999.0,71,150
7000.0,71,150
7001.0,71,150
7002.0,71,150
7003.0,71,150
7004.0,71,150
7005.0,71,150
7006.0,71,150
7007.0,71,150
7008.0,71,150
7009.0,71,150
7010.0,71,150
7011.0,71,150
7012.0,71,150
7013.0,71,150
7014.0,71,150
7015.0,71,150
7016.0,71,150
7017.0,71,150
7018.0,71,150
7019.0,71,150
7020.0,71,150
7021.0,71,150
7022.0,71,150
7023.0,71,150
7024.0,71,150
7025.0,71,150
7026.0,71,150
7027.0,71,150
7028.0,71,150
7029.0,71,150
7030.0,71,150
7031.0,71,150
7032.0,71,150
7033.0,71,150
7034.0,71,150
7035.0,71,150
7036.0,71,150
7037.0,71,150
7038.0,71,150
7039.0,71,150
7040.0,71,150
7041.0,71,150
7042.0,71,150
7043.0,71,150
7044.0,71,150
7045.0,71,150
7046.0,71,150
7047.0,71,150
7048.0,71,150
7049.0,71,150
7050.0,71,150
7051.0,71,150
7052.0,71,150
7053.0,71,150
7054.0,71,150
7055.0,71,150
7056.0,71,150
7057.0,71,150
7058.0,71,150
7059.0,71,150
7060.0,71,150
7061.0,71,150
7062.0,71,150
7063.0,71,150
7064.0,71,150
7065.0,71,150
7066.0,71,150
7067.0,71,150
7068.0,71,150
7069.0,71,150
7070.0,71,150
7071.0,71,150
7072.0,71,150
7073.0,71,150
7074.0,71,150
7075.0,71,150
7076.0,71,150
7077.0,71,150
7078.0,71,150
7079.0,71,150
7080.0,71,150
7081.0,71,150
7082.0,71,150
7083.0,71,150
7084.0,71,150
7085.0,71,150
7086.0,71,150
7087.0,71,150
7088.0,71,150
7089.0,71,150
7090.0,71,150
7091.0,71,150
7092.0,71,150
7093.0,71,150
7094.0,71,150
7095.0,71,150
7096.0,71,150
7097.0,71,150
7098.0,71,150
7099.0,71,150
7100.0,71,150
7101.0,71,150
7102.0,71,150
7103.0,71,150
7104.0,71,150
7105.0,71,150
7106.0,71,150
7107.0,71,150
7108.0,71,150
7109.0,71,150
7110.0,71,150
7111.0,71,150
7112.0,71,150
7113.0,71,150
7114.0,71,150
7115.0,71,150
7116.0,71,150
7117.0,71,150
7118.0,71,150
7119.0,71,150
7120.0,71,150
7121.0,71,150
7122.0,71,150
7123.0,71,150
7124.0,71,150
7125.0,71,150
7126.0,71,150
7127.0,71,150
7128.0,71,150
7129.0,71,150
7130.0,71,150
7131.0,71,150
7132.0,71,150
7133.0,71,150
7134.0,71,150
7135.0,71,150
7136.0,71,150
7137.0,71,150
7138.0,71,150
7139.0,71,150
7140.0,71,150
7141.0,71,150
7142.0,71,150
7143.0,71,150
7144.0,71,150
7145.0,71,150
7146.0,71,150
7147.0,71,150
7148.0,71,150
7149.0,71,150
7150.0,71,150
7151.0,71,150
7152.0,71,150
7153.0,71,150
7154.0,71,150
7155.0,71,150
7156.0,71,150
7157.0,71,150
7158.0,71,150
7159.0,71,150
7160.0,71,150
7161.0,71,150
7162.0,71,150
7163.0,71,150
7164.0,71,150
7165.0,71,150
7166.0,71,150
7167.0,71,150
7168.0,71,150
7169.0,71,150
7170.0,71,150
7171.0,71,150
7172.0,71,150
7173.0,71,150
7174.0,71,150
7175.0,71,150
7176.0,71,150
7177.0,71,150
7178.0,71,150
7179.0,71,150
7180.0,71,150
7181.0,71,150
7182.0,71,150
7183.0,71,150
7184.0,71,150
7185.0,71,150
7186.0,71,150
