"tick","Remaining Humans","Remaining Zombies"
1.0,1,150
2.0,2,150
3.0,3,150
4.0,3,150
5.0,3,150
6.0,4,150
7.0,5,150
8.0,5,150
9.0,6,150
10.0,6,150
11.0,7,150
12.0,8,150
13.0,8,150
14.0,9,150
15.0,9,150
16.0,10,150
17.0,11,150
18.0,11,150
19.0,12,150
20.0,12,150
21.0,13,150
22.0,14,150
23.0,15,150
24.0,15,150
25.0,15,150
26.0,16,150
27.0,16,150
28.0,17,150
29.0,17,150
30.0,17,150
31.0,18,150
32.0,19,150
33.0,19,150
34.0,20,150
35.0,21,150
36.0,21,150
37.0,21,150
38.0,22,150
39.0,22,150
40.0,23,150
41.0,23,150
42.0,24,150
43.0,25,150
44.0,25,150
45.0,25,150
46.0,26,150
47.0,26,150
48.0,27,150
49.0,27,150
50.0,28,150
51.0,29,150
52.0,30,150
53.0,30,150
54.0,30,150
55.0,31,150
56.0,31,150
57.0,32,150
58.0,33,150
59.0,33,150
60.0,34,150
61.0,34,150
62.0,35,150
63.0,35,150
64.0,36,150
65.0,37,150
66.0,37,150
67.0,37,150
68.0,38,150
69.0,39,150
70.0,39,150
71.0,40,150
72.0,40,150
73.0,41,150
74.0,41,150
75.0,42,150
76.0,42,150
77.0,43,150
78.0,43,150
79.0,44,150
80.0,44,150
81.0,45,150
82.0,46,150
83.0,46,150
84.0,47,150
85.0,47,150
86.0,48,150
87.0,48,150
88.0,48,150
89.0,49,150
90.0,49,150
91.0,50,150
92.0,50,150
93.0,51,150
94.0,51,150
95.0,52,150
96.0,53,150
97.0,53,150
98.0,54,150
99.0,54,150
100.0,54,150
101.0,55,150
102.0,56,150
103.0,56,150
104.0,56,150
105.0,57,150
106.0,57,150
107.0,58,150
108.0,59,150
109.0,59,150
110.0,60,150
111.0,60,150
112.0,61,150
113.0,61,150
114.0,62,150
115.0,62,150
116.0,62,150
117.0,63,150
118.0,63,150
119.0,64,150
120.0,65,150
121.0,65,150
122.0,65,150
123.0,66,150
124.0,67,150
125.0,67,150
126.0,67,150
127.0,68,150
128.0,69,150
129.0,69,150
130.0,70,150
131.0,70,150
132.0,71,150
133.0,71,150
134.0,72,150
135.0,72,150
136.0,73,150
137.0,73,150
138.0,73,150
139.0,74,150
140.0,74,150
141.0,75,150
142.0,75,150
143.0,76,150
144.0,77,150
145.0,77,150
146.0,78,150
147.0,78,150
148.0,79,150
149.0,79,150
150.0,80,150
151.0,80,150
152.0,81,150
153.0,81,150
154.0,82,150
155.0,82,150
156.0,83,150
157.0,83,150
158.0,84,150
159.0,84,150
160.0,85,150
161.0,85,150
162.0,86,150
163.0,86,150
164.0,86,150
165.0,87,150
166.0,87,150
167.0,88,150
168.0,88,150
169.0,89,150
170.0,89,150
171.0,90,150
172.0,91,150
173.0,91,150
174.0,92,150
175.0,92,150
176.0,93,150
177.0,94,150
178.0,95,150
179.0,95,150
180.0,95,150
181.0,95,150
182.0,96,150
183.0,96,150
184.0,97,150
185.0,97,150
186.0,98,150
187.0,98,150
188.0,99,150
189.0,100,150
190.0,100,150
191.0,100,150
192.0,101,150
193.0,101,150
194.0,102,150
195.0,102,150
196.0,103,150
197.0,103,150
198.0,104,150
199.0,104,150
200.0,105,150
201.0,106,150
202.0,106,150
203.0,107,150
204.0,108,150
205.0,108,150
206.0,108,150
207.0,109,150
208.0,109,150
209.0,110,150
210.0,111,150
211.0,111,150
212.0,112,150
213.0,112,150
214.0,112,150
215.0,113,150
216.0,114,150
217.0,115,150
218.0,115,150
219.0,115,150
220.0,116,150
221.0,116,150
222.0,117,150
223.0,117,150
224.0,118,150
225.0,119,150
226.0,119,150
227.0,119,150
228.0,120,150
229.0,120,150
230.0,121,150
231.0,122,150
232.0,122,150
233.0,122,150
234.0,123,150
235.0,124,150
236.0,124,150
237.0,124,150
238.0,125,150
239.0,126,150
240.0,127,150
241.0,127,150
242.0,128,150
243.0,128,150
244.0,128,150
245.0,129,150
246.0,129,150
247.0,130,150
248.0,131,150
249.0,131,150
250.0,131,150
251.0,132,150
252.0,132,150
253.0,133,150
254.0,134,150
255.0,135,150
256.0,135,150
257.0,135,150
258.0,135,150
259.0,136,150
260.0,137,150
261.0,137,150
262.0,137,150
263.0,138,150
264.0,139,150
265.0,139,150
266.0,139,150
267.0,140,150
268.0,141,150
269.0,142,150
270.0,143,150
271.0,143,150
272.0,143,150
273.0,144,150
274.0,145,150
275.0,146,150
276.0,146,150
277.0,147,150
278.0,148,150
279.0,148,150
280.0,148,150
281.0,149,150
282.0,149,150
283.0,150,150
284.0,150,150
285.0,151,150
286.0,151,150
287.0,152,150
288.0,153,150
289.0,153,150
290.0,154,150
291.0,155,150
292.0,155,150
293.0,156,150
294.0,156,150
295.0,156,150
296.0,157,150
297.0,158,150
298.0,158,150
299.0,158,150
300.0,159,150
301.0,160,150
302.0,160,150
303.0,160,150
304.0,161,150
305.0,162,150
306.0,162,150
307.0,162,150
308.0,163,150
309.0,164,150
310.0,164,150
311.0,165,150
312.0,165,150
313.0,166,150
314.0,166,150
315.0,167,150
316.0,167,150
317.0,168,150
318.0,169,150
319.0,169,150
320.0,170,150
321.0,170,150
322.0,171,150
323.0,171,150
324.0,172,150
325.0,172,150
326.0,173,150
327.0,174,150
328.0,174,150
329.0,174,150
330.0,175,150
331.0,175,150
332.0,176,150
333.0,176,150
334.0,177,150
335.0,178,150
336.0,179,150
337.0,179,150
338.0,180,150
339.0,180,150
340.0,180,150
341.0,181,150
342.0,182,150
343.0,183,150
344.0,183,150
345.0,184,150
346.0,184,150
347.0,184,150
348.0,185,150
349.0,185,150
350.0,186,150
351.0,186,150
352.0,187,150
353.0,188,150
354.0,189,150
355.0,190,150
356.0,190,150
357.0,190,150
358.0,191,150
359.0,191,150
360.0,192,150
361.0,192,150
362.0,193,150
363.0,193,150
364.0,194,150
365.0,195,150
366.0,195,150
367.0,196,150
368.0,197,150
369.0,197,150
370.0,198,150
371.0,198,150
372.0,198,150
373.0,199,150
374.0,200,150
375.0,200,150
376.0,201,150
377.0,201,150
378.0,202,150
379.0,202,150
380.0,203,150
381.0,203,150
382.0,204,150
383.0,205,150
384.0,205,150
385.0,206,150
386.0,207,150
387.0,207,150
388.0,207,150
389.0,208,150
390.0,208,150
391.0,208,150
392.0,209,150
393.0,209,150
394.0,210,150
395.0,210,150
396.0,211,150
397.0,211,150
398.0,212,150
399.0,213,150
400.0,213,150
401.0,214,150
402.0,214,150
403.0,215,150
404.0,215,150
405.0,216,150
406.0,216,150
407.0,217,150
408.0,217,150
409.0,218,150
410.0,218,150
411.0,219,150
412.0,220,150
413.0,220,150
414.0,221,150
415.0,222,150
416.0,222,150
417.0,223,150
418.0,223,150
419.0,224,150
420.0,224,150
421.0,225,150
422.0,225,150
423.0,225,150
424.0,226,150
425.0,227,150
426.0,227,150
427.0,228,150
428.0,228,150
429.0,229,150
430.0,230,150
431.0,231,150
432.0,231,150
433.0,232,150
434.0,232,150
435.0,232,150
436.0,233,150
437.0,234,150
438.0,234,150
439.0,235,150
440.0,235,150
441.0,236,150
442.0,236,150
443.0,237,150
444.0,237,150
445.0,238,150
446.0,238,150
447.0,239,150
448.0,240,150
449.0,240,150
450.0,241,150
451.0,242,150
452.0,242,150
453.0,243,150
454.0,243,150
455.0,243,150
456.0,244,150
457.0,244,150
458.0,245,150
459.0,246,150
460.0,247,150
461.0,247,150
462.0,247,150
463.0,248,150
464.0,249,150
465.0,249,150
466.0,250,150
467.0,250,150
468.0,250,150
469.0,250,150
470.0,250,150
471.0,250,150
472.0,250,150
473.0,250,150
474.0,250,150
475.0,250,150
476.0,250,150
477.0,250,150
478.0,250,150
479.0,250,150
480.0,250,150
481.0,250,150
482.0,250,150
483.0,250,150
484.0,250,150
485.0,250,150
486.0,250,150
487.0,250,150
488.0,250,150
489.0,250,150
490.0,250,150
491.0,250,150
492.0,250,150
493.0,250,150
494.0,250,150
495.0,250,150
496.0,250,150
497.0,250,150
498.0,250,150
499.0,250,150
500.0,250,150
501.0,250,150
502.0,250,150
503.0,250,150
504.0,250,150
505.0,250,150
506.0,250,150
507.0,250,150
508.0,250,150
509.0,250,150
510.0,250,150
511.0,250,150
512.0,250,150
513.0,250,150
514.0,250,150
515.0,250,150
516.0,250,150
517.0,250,150
518.0,250,150
519.0,250,150
520.0,250,150
521.0,250,150
522.0,250,150
523.0,250,150
524.0,250,150
525.0,250,150
526.0,250,150
527.0,250,150
528.0,250,150
529.0,250,150
530.0,250,150
531.0,250,150
532.0,250,150
533.0,250,150
534.0,250,150
535.0,250,150
536.0,250,150
537.0,250,150
538.0,250,150
539.0,250,150
540.0,250,150
541.0,250,150
542.0,250,150
543.0,250,150
544.0,250,150
545.0,250,150
546.0,250,150
547.0,250,150
548.0,250,150
549.0,250,150
550.0,250,150
551.0,250,150
552.0,250,150
553.0,250,150
554.0,250,150
555.0,250,150
556.0,250,150
557.0,250,150
558.0,250,150
559.0,250,150
560.0,250,150
561.0,250,150
562.0,250,150
563.0,250,150
564.0,250,150
565.0,250,150
566.0,250,150
567.0,250,150
568.0,250,150
569.0,250,150
570.0,250,150
571.0,250,150
572.0,250,150
573.0,250,150
574.0,250,150
575.0,250,150
576.0,250,150
577.0,250,150
578.0,250,150
579.0,250,150
580.0,250,150
581.0,250,150
582.0,250,150
583.0,250,150
584.0,250,150
585.0,250,150
586.0,250,150
587.0,250,150
588.0,250,150
589.0,250,150
590.0,250,150
591.0,250,150
592.0,250,150
593.0,250,150
594.0,250,150
595.0,250,150
596.0,250,150
597.0,250,150
598.0,250,150
599.0,250,150
600.0,250,150
601.0,250,150
602.0,250,150
603.0,250,150
604.0,250,150
605.0,250,150
606.0,250,150
607.0,250,150
608.0,250,150
609.0,250,150
610.0,250,150
611.0,250,150
612.0,250,150
613.0,250,150
614.0,250,150
615.0,250,150
616.0,250,150
617.0,250,150
618.0,250,150
619.0,250,150
620.0,250,150
621.0,250,150
622.0,250,150
623.0,250,150
624.0,250,150
625.0,250,150
626.0,250,150
627.0,250,150
628.0,250,150
629.0,250,150
630.0,250,150
631.0,250,150
632.0,250,150
633.0,250,150
634.0,250,150
635.0,250,150
636.0,250,150
637.0,250,150
638.0,250,150
639.0,250,150
640.0,250,150
641.0,250,150
642.0,250,150
643.0,250,150
644.0,250,150
645.0,250,150
646.0,250,150
647.0,250,150
648.0,250,150
649.0,250,150
650.0,250,150
651.0,250,150
652.0,250,150
653.0,250,150
654.0,250,150
655.0,250,150
656.0,250,150
657.0,250,150
658.0,250,150
659.0,250,150
660.0,250,150
661.0,250,150
662.0,250,150
663.0,250,150
664.0,250,150
665.0,250,150
666.0,250,150
667.0,250,150
668.0,250,150
669.0,250,150
670.0,250,150
671.0,250,150
672.0,250,150
673.0,250,150
674.0,250,150
675.0,250,150
676.0,250,150
677.0,250,150
678.0,250,150
679.0,250,150
680.0,250,150
681.0,250,150
682.0,250,150
683.0,250,150
684.0,250,150
685.0,250,150
686.0,250,150
687.0,250,150
688.0,250,150
689.0,250,150
690.0,250,150
691.0,250,150
692.0,250,150
693.0,250,150
694.0,250,150
695.0,250,150
696.0,250,150
697.0,250,150
698.0,250,150
699.0,250,150
700.0,250,150
701.0,250,150
702.0,250,150
703.0,250,150
704.0,250,150
705.0,250,150
706.0,250,150
707.0,250,150
708.0,250,150
709.0,250,150
710.0,250,150
711.0,250,150
712.0,250,150
713.0,250,150
714.0,250,150
715.0,250,150
716.0,250,150
717.0,250,150
718.0,250,150
719.0,250,150
720.0,250,150
721.0,250,150
722.0,250,150
723.0,250,150
724.0,250,150
725.0,250,150
726.0,250,150
727.0,250,150
728.0,250,150
729.0,250,150
730.0,250,150
731.0,250,150
732.0,250,150
733.0,250,150
734.0,250,150
735.0,250,150
736.0,250,150
737.0,250,150
738.0,250,150
739.0,250,150
740.0,250,150
741.0,250,150
742.0,250,150
743.0,250,150
744.0,250,150
745.0,250,150
746.0,250,150
747.0,250,150
748.0,250,150
749.0,250,150
750.0,250,150
751.0,250,150
752.0,250,150
753.0,250,150
754.0,250,150
755.0,250,150
756.0,250,150
757.0,250,150
758.0,250,150
759.0,250,150
760.0,250,150
761.0,250,150
762.0,250,150
763.0,250,150
764.0,250,150
765.0,250,150
766.0,250,150
767.0,250,150
768.0,250,150
769.0,250,150
770.0,250,150
771.0,250,150
772.0,250,150
773.0,250,150
774.0,250,150
775.0,250,150
776.0,250,150
777.0,250,150
778.0,250,150
779.0,250,150
780.0,250,150
781.0,250,150
782.0,250,150
783.0,250,150
784.0,250,150
785.0,250,150
786.0,250,150
787.0,250,150
788.0,250,150
789.0,250,150
790.0,250,150
791.0,250,150
792.0,250,150
793.0,250,150
794.0,250,150
795.0,250,150
796.0,250,150
797.0,250,150
798.0,250,150
799.0,250,150
800.0,250,150
801.0,250,150
802.0,250,150
803.0,250,150
804.0,250,150
805.0,250,150
806.0,250,150
807.0,250,150
808.0,250,150
809.0,250,150
810.0,250,150
811.0,250,150
812.0,250,150
813.0,250,150
814.0,250,150
815.0,250,150
816.0,250,150
817.0,250,150
818.0,250,150
819.0,250,150
820.0,250,150
821.0,250,150
822.0,250,150
823.0,250,150
824.0,250,150
825.0,250,150
826.0,250,150
827.0,250,150
828.0,250,150
829.0,250,150
830.0,250,150
831.0,250,150
832.0,250,150
833.0,250,150
834.0,250,150
835.0,250,150
836.0,250,150
837.0,250,150
838.0,250,150
839.0,250,150
840.0,250,150
841.0,250,150
842.0,250,150
843.0,250,150
844.0,250,150
845.0,250,150
846.0,250,150
847.0,250,150
848.0,250,150
849.0,250,150
850.0,250,150
851.0,250,150
852.0,250,150
853.0,250,150
854.0,250,150
855.0,250,150
856.0,250,150
857.0,250,150
858.0,250,150
859.0,250,150
860.0,250,150
861.0,250,150
862.0,250,150
863.0,250,150
864.0,250,150
865.0,250,150
866.0,250,150
867.0,250,150
868.0,250,150
869.0,250,150
870.0,250,150
871.0,250,150
872.0,250,150
873.0,250,150
874.0,250,150
875.0,250,150
876.0,250,150
877.0,250,150
878.0,250,150
879.0,250,150
880.0,250,150
881.0,250,150
882.0,250,150
883.0,250,150
884.0,250,150
885.0,250,150
886.0,250,150
887.0,250,150
888.0,250,150
889.0,250,150
890.0,250,150
891.0,250,150
892.0,250,150
893.0,250,150
894.0,250,150
895.0,250,150
896.0,250,150
897.0,250,150
898.0,250,150
899.0,250,150
900.0,250,150
901.0,250,150
902.0,250,150
903.0,250,150
904.0,250,150
905.0,250,150
906.0,250,150
907.0,250,150
908.0,250,150
909.0,250,150
910.0,250,150
911.0,250,150
912.0,250,150
913.0,250,150
914.0,250,150
915.0,250,150
916.0,250,150
917.0,250,150
918.0,250,150
919.0,250,150
920.0,250,150
921.0,250,150
922.0,250,150
923.0,250,150
924.0,250,150
925.0,250,150
926.0,250,150
927.0,250,150
928.0,250,150
929.0,250,150
930.0,250,150
931.0,250,150
932.0,250,150
933.0,250,150
934.0,250,150
935.0,250,150
936.0,250,150
937.0,250,150
938.0,250,150
939.0,250,150
940.0,250,150
941.0,250,150
942.0,250,150
943.0,250,150
944.0,250,150
945.0,250,150
946.0,250,150
947.0,250,150
948.0,250,150
949.0,250,150
950.0,250,150
951.0,250,150
952.0,250,150
953.0,250,150
954.0,250,150
955.0,250,150
956.0,250,150
957.0,250,150
958.0,250,150
959.0,250,150
960.0,250,150
961.0,250,150
962.0,250,150
963.0,250,150
964.0,250,150
965.0,250,150
966.0,250,150
967.0,250,150
968.0,250,150
969.0,250,150
970.0,250,150
971.0,250,150
972.0,250,150
973.0,250,150
974.0,250,150
975.0,250,150
976.0,250,150
977.0,250,150
978.0,250,150
979.0,250,150
980.0,250,150
981.0,250,150
982.0,250,150
983.0,250,150
984.0,250,150
985.0,250,150
986.0,250,150
987.0,250,150
988.0,250,150
989.0,250,150
990.0,250,150
991.0,250,150
992.0,250,150
993.0,250,150
994.0,250,150
995.0,250,150
996.0,250,150
997.0,250,150
998.0,250,150
999.0,250,150
1000.0,250,150
1001.0,250,150
1002.0,250,150
1003.0,250,150
1004.0,250,150
1005.0,250,150
1006.0,250,150
1007.0,250,150
1008.0,250,150
1009.0,250,150
1010.0,250,150
1011.0,250,150
1012.0,250,150
1013.0,250,150
1014.0,250,150
1015.0,250,150
1016.0,250,150
1017.0,250,150
1018.0,250,150
1019.0,250,150
1020.0,250,150
1021.0,250,150
1022.0,250,150
1023.0,250,150
1024.0,250,150
1025.0,250,150
1026.0,250,150
1027.0,250,150
1028.0,250,150
1029.0,250,150
1030.0,250,150
1031.0,250,150
1032.0,250,150
1033.0,250,150
1034.0,250,150
1035.0,250,150
1036.0,250,150
1037.0,250,150
1038.0,250,150
1039.0,250,150
1040.0,250,150
1041.0,250,150
1042.0,250,150
1043.0,250,150
1044.0,250,150
1045.0,250,150
1046.0,250,150
1047.0,250,150
1048.0,250,150
1049.0,250,150
1050.0,250,150
1051.0,250,150
1052.0,250,150
1053.0,250,150
1054.0,250,150
1055.0,250,150
1056.0,250,150
1057.0,250,150
1058.0,250,150
1059.0,250,150
1060.0,250,150
1061.0,250,150
1062.0,250,150
1063.0,250,150
1064.0,250,150
1065.0,250,150
1066.0,250,150
1067.0,250,150
1068.0,250,150
1069.0,250,150
1070.0,250,150
1071.0,250,150
1072.0,250,150
1073.0,250,150
1074.0,250,150
1075.0,250,150
1076.0,250,150
1077.0,250,150
1078.0,250,150
1079.0,250,150
1080.0,250,150
1081.0,250,150
1082.0,250,150
1083.0,250,150
1084.0,250,150
1085.0,250,150
1086.0,250,150
1087.0,250,150
1088.0,250,150
1089.0,250,150
1090.0,250,150
1091.0,250,150
1092.0,250,150
1093.0,250,150
1094.0,250,150
1095.0,250,150
1096.0,250,150
1097.0,250,150
1098.0,250,150
1099.0,250,150
1100.0,250,150
1101.0,250,150
1102.0,250,150
1103.0,250,150
1104.0,250,150
1105.0,250,150
1106.0,250,150
1107.0,250,150
1108.0,250,150
1109.0,250,150
1110.0,250,150
1111.0,250,150
1112.0,250,150
1113.0,250,150
1114.0,250,150
1115.0,250,150
1116.0,250,150
1117.0,250,150
1118.0,250,150
1119.0,250,150
1120.0,250,150
1121.0,250,150
1122.0,250,150
1123.0,250,150
1124.0,250,150
1125.0,250,150
1126.0,250,150
1127.0,250,150
1128.0,250,150
1129.0,250,150
1130.0,250,150
1131.0,250,150
1132.0,250,150
1133.0,250,150
1134.0,250,150
1135.0,250,150
1136.0,250,150
1137.0,250,150
1138.0,250,150
1139.0,250,150
1140.0,250,150
1141.0,250,150
1142.0,250,150
1143.0,250,150
1144.0,250,150
1145.0,250,150
1146.0,250,150
1147.0,250,150
1148.0,250,150
1149.0,250,150
1150.0,250,150
1151.0,250,150
1152.0,250,150
1153.0,250,150
1154.0,250,150
1155.0,250,150
1156.0,250,150
1157.0,250,150
1158.0,250,150
1159.0,250,150
1160.0,250,150
1161.0,250,150
1162.0,250,150
1163.0,250,150
1164.0,250,150
1165.0,250,150
1166.0,250,150
1167.0,250,150
1168.0,250,150
1169.0,250,150
1170.0,250,150
1171.0,250,150
1172.0,250,150
1173.0,250,150
1174.0,250,150
1175.0,250,150
1176.0,250,150
1177.0,250,150
1178.0,250,150
1179.0,250,150
1180.0,250,150
1181.0,250,150
1182.0,250,150
1183.0,250,150
1184.0,250,150
1185.0,250,150
1186.0,250,150
1187.0,250,150
1188.0,250,150
1189.0,250,150
1190.0,250,150
1191.0,250,150
1192.0,250,150
1193.0,250,150
1194.0,250,150
1195.0,250,150
1196.0,250,150
1197.0,250,150
1198.0,250,150
1199.0,250,150
1200.0,250,150
1201.0,250,150
1202.0,250,150
1203.0,250,150
1204.0,250,150
1205.0,250,150
1206.0,250,150
1207.0,250,150
1208.0,250,150
1209.0,250,150
1210.0,250,150
1211.0,250,150
1212.0,250,150
1213.0,250,150
1214.0,250,150
1215.0,250,150
1216.0,250,150
1217.0,250,150
1218.0,250,150
1219.0,250,150
1220.0,250,150
1221.0,250,150
1222.0,250,150
1223.0,250,150
1224.0,250,150
1225.0,250,150
1226.0,250,150
1227.0,250,150
1228.0,250,150
1229.0,250,150
1230.0,250,150
1231.0,250,150
1232.0,250,150
1233.0,250,150
1234.0,250,150
1235.0,250,150
1236.0,250,150
1237.0,250,150
1238.0,250,150
1239.0,250,150
1240.0,250,150
1241.0,250,150
1242.0,250,150
1243.0,250,150
1244.0,250,150
1245.0,250,150
1246.0,250,150
1247.0,250,150
1248.0,250,150
1249.0,250,150
1250.0,250,150
1251.0,250,150
1252.0,250,150
1253.0,250,150
1254.0,250,150
1255.0,250,150
1256.0,250,150
1257.0,250,150
1258.0,250,150
1259.0,250,150
1260.0,250,150
1261.0,250,150
1262.0,250,150
1263.0,250,150
1264.0,250,150
1265.0,250,150
1266.0,250,150
1267.0,250,150
1268.0,250,150
1269.0,250,150
1270.0,250,150
1271.0,250,150
1272.0,250,150
1273.0,250,150
1274.0,250,150
1275.0,250,150
1276.0,250,150
1277.0,250,150
1278.0,250,150
1279.0,250,150
1280.0,250,150
1281.0,250,150
1282.0,250,150
1283.0,250,150
1284.0,250,150
1285.0,250,150
1286.0,250,150
1287.0,250,150
1288.0,250,150
1289.0,250,150
1290.0,250,150
1291.0,250,150
1292.0,250,150
1293.0,250,150
1294.0,250,150
1295.0,250,150
1296.0,250,150
1297.0,250,150
1298.0,250,150
1299.0,250,150
1300.0,250,150
1301.0,250,150
1302.0,250,150
1303.0,250,150
1304.0,250,150
1305.0,250,150
1306.0,250,150
1307.0,250,150
1308.0,250,150
1309.0,250,150
1310.0,250,150
1311.0,250,150
1312.0,250,150
1313.0,250,150
1314.0,250,150
1315.0,250,150
1316.0,250,150
1317.0,250,150
1318.0,250,150
1319.0,250,150
1320.0,250,150
1321.0,250,150
1322.0,250,150
1323.0,250,150
1324.0,250,150
1325.0,250,150
1326.0,250,150
1327.0,250,150
1328.0,250,150
1329.0,250,150
1330.0,250,150
1331.0,250,150
1332.0,250,150
1333.0,250,150
1334.0,250,150
1335.0,250,150
1336.0,250,150
1337.0,250,150
1338.0,250,150
1339.0,250,150
1340.0,250,150
1341.0,250,150
1342.0,250,150
1343.0,250,150
1344.0,250,150
1345.0,250,150
1346.0,250,150
1347.0,250,150
1348.0,250,150
1349.0,250,150
1350.0,250,150
1351.0,250,150
1352.0,250,150
1353.0,250,150
1354.0,250,150
1355.0,250,150
1356.0,250,150
1357.0,250,150
1358.0,250,150
1359.0,250,150
1360.0,250,150
1361.0,250,150
1362.0,250,150
1363.0,250,150
1364.0,250,150
1365.0,250,150
1366.0,250,150
1367.0,250,150
1368.0,250,150
1369.0,250,150
1370.0,250,150
1371.0,250,150
1372.0,250,150
1373.0,250,150
1374.0,250,150
1375.0,250,150
1376.0,250,150
1377.0,250,150
1378.0,250,150
1379.0,250,150
1380.0,250,150
1381.0,250,150
1382.0,250,150
1383.0,250,150
1384.0,250,150
1385.0,250,150
1386.0,250,150
1387.0,250,150
1388.0,250,150
1389.0,250,150
1390.0,250,150
1391.0,250,150
1392.0,250,150
1393.0,250,150
1394.0,250,150
1395.0,250,150
1396.0,250,150
1397.0,250,150
1398.0,250,150
1399.0,250,150
1400.0,250,150
1401.0,250,150
1402.0,250,150
1403.0,250,150
1404.0,250,150
1405.0,250,150
1406.0,250,150
1407.0,250,150
1408.0,250,150
1409.0,250,150
1410.0,250,150
1411.0,250,150
1412.0,250,150
1413.0,250,150
1414.0,250,150
1415.0,250,150
1416.0,250,150
1417.0,250,150
1418.0,250,150
1419.0,250,150
1420.0,250,150
1421.0,250,150
1422.0,250,150
1423.0,250,150
1424.0,250,150
1425.0,250,150
1426.0,250,150
1427.0,250,150
1428.0,250,150
1429.0,250,150
1430.0,250,150
1431.0,250,150
1432.0,250,150
1433.0,250,150
1434.0,250,150
1435.0,250,150
1436.0,250,150
1437.0,250,150
1438.0,250,150
1439.0,250,150
1440.0,250,150
1441.0,250,150
1442.0,250,150
1443.0,250,150
1444.0,250,150
1445.0,250,150
1446.0,250,150
1447.0,250,150
1448.0,250,150
1449.0,250,150
1450.0,250,150
1451.0,250,150
1452.0,250,150
1453.0,250,150
1454.0,250,150
1455.0,250,150
1456.0,250,150
1457.0,250,150
1458.0,250,150
1459.0,250,150
1460.0,250,150
1461.0,250,150
1462.0,250,150
1463.0,250,150
1464.0,250,150
1465.0,250,150
1466.0,250,150
1467.0,250,150
1468.0,250,150
1469.0,250,150
1470.0,250,150
1471.0,250,150
1472.0,250,150
1473.0,250,150
1474.0,250,150
1475.0,250,150
1476.0,250,150
1477.0,250,150
1478.0,250,150
1479.0,250,150
1480.0,250,150
1481.0,250,150
1482.0,250,150
1483.0,250,150
1484.0,250,150
1485.0,250,150
1486.0,250,150
1487.0,250,150
1488.0,250,150
1489.0,250,150
1490.0,250,150
1491.0,250,150
1492.0,250,150
1493.0,250,150
1494.0,250,150
1495.0,250,150
1496.0,250,150
1497.0,250,150
1498.0,250,150
1499.0,250,150
1500.0,250,150
1501.0,250,150
1502.0,250,150
1503.0,250,150
1504.0,250,150
1505.0,250,150
1506.0,250,150
1507.0,250,150
1508.0,250,150
1509.0,250,150
1510.0,250,150
1511.0,250,150
1512.0,250,150
1513.0,250,150
1514.0,250,150
1515.0,250,150
1516.0,250,150
1517.0,250,150
1518.0,250,150
1519.0,250,150
1520.0,250,150
1521.0,250,150
1522.0,250,150
1523.0,250,150
1524.0,250,150
1525.0,250,150
1526.0,250,150
1527.0,250,150
1528.0,250,150
1529.0,250,150
1530.0,250,150
1531.0,250,150
1532.0,250,150
1533.0,250,150
1534.0,250,150
1535.0,250,150
1536.0,250,150
1537.0,250,150
1538.0,250,150
1539.0,250,150
1540.0,250,150
1541.0,250,150
1542.0,250,150
1543.0,250,150
1544.0,250,150
1545.0,250,150
1546.0,250,150
1547.0,250,150
1548.0,250,150
1549.0,250,150
1550.0,250,150
1551.0,250,150
1552.0,250,150
1553.0,250,150
1554.0,250,150
1555.0,250,150
1556.0,250,150
1557.0,250,150
1558.0,250,150
1559.0,250,150
1560.0,250,150
1561.0,250,150
1562.0,250,150
1563.0,250,150
1564.0,250,150
1565.0,250,150
1566.0,250,150
1567.0,250,150
1568.0,250,150
1569.0,250,150
1570.0,250,150
1571.0,250,150
1572.0,250,150
1573.0,250,150
1574.0,250,150
1575.0,250,150
1576.0,250,150
1577.0,250,150
1578.0,250,150
1579.0,250,150
1580.0,250,150
1581.0,250,150
1582.0,250,150
1583.0,250,150
1584.0,250,150
1585.0,250,150
1586.0,250,150
1587.0,250,150
1588.0,250,150
1589.0,250,150
1590.0,250,150
1591.0,250,150
1592.0,250,150
1593.0,250,150
1594.0,250,150
1595.0,250,150
1596.0,250,150
1597.0,250,150
1598.0,250,150
1599.0,250,150
1600.0,250,150
1601.0,250,150
1602.0,250,150
1603.0,250,150
1604.0,250,150
1605.0,250,150
1606.0,250,150
1607.0,250,150
1608.0,250,150
1609.0,250,150
1610.0,250,150
1611.0,250,150
1612.0,250,150
1613.0,250,150
1614.0,250,150
1615.0,250,150
1616.0,250,150
1617.0,250,150
1618.0,250,150
1619.0,250,150
1620.0,250,150
1621.0,250,150
1622.0,250,150
1623.0,250,150
1624.0,250,150
1625.0,250,150
1626.0,250,150
1627.0,250,150
1628.0,250,150
1629.0,250,150
1630.0,250,150
1631.0,250,150
1632.0,250,150
1633.0,250,150
1634.0,250,150
1635.0,250,150
1636.0,250,150
1637.0,250,150
1638.0,250,150
1639.0,250,150
1640.0,250,150
1641.0,250,150
1642.0,250,150
1643.0,250,150
1644.0,250,150
1645.0,250,150
1646.0,250,150
1647.0,250,150
1648.0,250,150
1649.0,250,150
1650.0,250,150
1651.0,250,150
1652.0,250,150
1653.0,250,150
1654.0,250,150
1655.0,250,150
1656.0,250,150
1657.0,250,150
1658.0,250,150
1659.0,250,150
1660.0,250,150
1661.0,250,150
1662.0,250,150
1663.0,250,150
1664.0,250,150
1665.0,250,150
1666.0,250,150
1667.0,250,150
1668.0,250,150
1669.0,250,150
1670.0,250,150
1671.0,250,150
1672.0,250,150
1673.0,250,150
1674.0,250,150
1675.0,250,150
1676.0,250,150
1677.0,250,150
1678.0,250,150
1679.0,250,150
1680.0,250,150
1681.0,250,150
1682.0,250,150
1683.0,250,150
1684.0,250,150
1685.0,250,150
1686.0,250,150
1687.0,250,150
1688.0,250,150
1689.0,250,150
1690.0,250,150
1691.0,250,150
1692.0,250,150
1693.0,250,150
1694.0,250,150
1695.0,250,150
1696.0,250,150
1697.0,250,150
1698.0,250,150
1699.0,250,150
1700.0,250,150
1701.0,250,150
1702.0,250,150
1703.0,250,150
1704.0,250,150
1705.0,250,150
1706.0,250,150
1707.0,250,150
1708.0,250,150
1709.0,250,150
1710.0,250,150
1711.0,250,150
1712.0,250,150
1713.0,250,150
1714.0,250,150
1715.0,250,150
1716.0,250,150
1717.0,250,150
1718.0,250,150
1719.0,250,150
1720.0,250,150
1721.0,250,150
1722.0,250,150
1723.0,250,150
1724.0,250,150
1725.0,250,150
1726.0,250,150
1727.0,250,150
1728.0,250,150
1729.0,250,150
1730.0,250,150
1731.0,250,150
1732.0,250,150
1733.0,250,150
1734.0,250,150
1735.0,250,150
1736.0,250,150
1737.0,250,150
1738.0,250,150
1739.0,250,150
1740.0,250,150
1741.0,250,150
1742.0,250,150
1743.0,250,150
1744.0,250,150
1745.0,250,150
1746.0,250,150
1747.0,250,150
1748.0,250,150
1749.0,250,150
1750.0,250,150
1751.0,250,150
1752.0,250,150
1753.0,250,150
1754.0,250,150
1755.0,250,150
1756.0,250,150
1757.0,250,150
1758.0,250,150
1759.0,250,150
1760.0,250,150
1761.0,250,150
1762.0,250,150
1763.0,250,150
1764.0,250,150
1765.0,250,150
1766.0,250,150
1767.0,250,150
1768.0,250,150
1769.0,250,150
1770.0,250,150
1771.0,250,150
1772.0,250,150
1773.0,250,150
1774.0,250,150
1775.0,250,150
1776.0,250,150
1777.0,250,150
1778.0,250,150
1779.0,250,150
1780.0,250,150
1781.0,250,150
1782.0,250,150
1783.0,250,150
1784.0,250,150
1785.0,250,150
1786.0,250,150
1787.0,250,150
1788.0,250,150
1789.0,250,150
1790.0,250,150
1791.0,250,150
1792.0,250,150
1793.0,250,150
1794.0,250,150
1795.0,250,150
1796.0,250,150
1797.0,250,150
1798.0,250,150
1799.0,250,150
1800.0,250,150
1801.0,250,150
1802.0,250,150
1803.0,250,150
1804.0,250,150
1805.0,250,150
1806.0,250,150
1807.0,250,150
1808.0,250,150
1809.0,250,150
1810.0,250,150
1811.0,250,150
1812.0,250,150
1813.0,250,150
1814.0,250,150
1815.0,250,150
1816.0,250,150
1817.0,250,150
1818.0,250,150
1819.0,250,150
1820.0,250,150
1821.0,250,150
1822.0,250,150
1823.0,250,150
1824.0,250,150
1825.0,250,150
1826.0,250,150
1827.0,250,150
1828.0,250,150
1829.0,250,150
1830.0,250,150
1831.0,250,150
1832.0,250,150
1833.0,250,150
1834.0,250,150
1835.0,250,150
1836.0,250,150
1837.0,250,150
1838.0,250,150
1839.0,250,150
1840.0,250,150
1841.0,250,150
1842.0,250,150
1843.0,250,150
1844.0,250,150
1845.0,250,150
1846.0,250,150
1847.0,250,150
1848.0,250,150
1849.0,250,150
1850.0,250,150
1851.0,250,150
1852.0,250,150
1853.0,250,150
1854.0,250,150
1855.0,250,150
1856.0,250,150
1857.0,250,150
1858.0,250,150
1859.0,250,150
1860.0,250,150
1861.0,250,150
1862.0,250,150
1863.0,250,150
1864.0,250,150
1865.0,250,150
1866.0,250,150
1867.0,250,150
1868.0,250,150
1869.0,250,150
1870.0,250,150
1871.0,250,150
1872.0,250,150
1873.0,250,150
1874.0,250,150
1875.0,250,150
1876.0,250,150
1877.0,250,150
1878.0,250,150
1879.0,250,150
1880.0,250,150
1881.0,250,150
1882.0,250,150
1883.0,250,150
1884.0,250,150
1885.0,250,150
1886.0,250,150
1887.0,250,150
1888.0,250,150
1889.0,250,150
1890.0,250,150
1891.0,250,150
1892.0,250,150
1893.0,250,150
1894.0,250,150
1895.0,250,150
1896.0,250,150
1897.0,250,150
1898.0,250,150
1899.0,250,150
1900.0,250,150
1901.0,250,150
1902.0,250,150
1903.0,250,150
1904.0,250,150
1905.0,250,150
1906.0,250,150
1907.0,250,150
1908.0,250,150
1909.0,250,150
1910.0,250,150
1911.0,250,150
1912.0,250,150
1913.0,250,150
1914.0,250,150
1915.0,250,150
1916.0,250,150
1917.0,250,150
1918.0,250,150
1919.0,250,150
1920.0,250,150
1921.0,250,150
1922.0,250,150
1923.0,250,150
1924.0,250,150
1925.0,250,150
1926.0,250,150
1927.0,250,150
1928.0,250,150
1929.0,250,150
1930.0,250,150
1931.0,250,150
1932.0,250,150
1933.0,250,150
1934.0,250,150
1935.0,250,150
1936.0,250,150
1937.0,250,150
1938.0,250,150
1939.0,250,150
1940.0,250,150
1941.0,250,150
1942.0,250,150
1943.0,250,150
1944.0,250,150
1945.0,250,150
1946.0,250,150
1947.0,250,150
1948.0,250,150
1949.0,250,150
1950.0,250,150
1951.0,250,150
1952.0,250,150
1953.0,250,150
1954.0,250,150
1955.0,250,150
1956.0,250,150
1957.0,250,150
1958.0,250,150
1959.0,250,150
1960.0,250,150
1961.0,250,150
1962.0,250,150
1963.0,250,150
1964.0,250,150
1965.0,250,150
1966.0,250,150
1967.0,250,150
1968.0,250,150
1969.0,250,150
1970.0,250,150
1971.0,250,150
1972.0,250,150
1973.0,250,150
1974.0,250,150
1975.0,250,150
1976.0,250,150
1977.0,250,150
1978.0,250,150
1979.0,250,150
1980.0,250,150
1981.0,250,150
1982.0,250,150
1983.0,250,150
1984.0,250,150
1985.0,250,150
1986.0,250,150
1987.0,250,150
1988.0,250,150
1989.0,250,150
1990.0,250,150
1991.0,250,150
1992.0,250,150
1993.0,250,150
1994.0,250,150
1995.0,250,150
1996.0,250,150
1997.0,250,150
1998.0,250,150
1999.0,250,150
2000.0,250,150
2001.0,250,150
2002.0,250,150
2003.0,250,150
2004.0,250,150
2005.0,250,150
2006.0,250,150
2007.0,250,150
2008.0,250,150
2009.0,250,150
2010.0,250,150
2011.0,250,150
2012.0,250,150
2013.0,250,150
2014.0,250,150
2015.0,250,150
2016.0,250,150
2017.0,250,150
2018.0,250,150
2019.0,250,150
2020.0,250,150
2021.0,250,150
2022.0,250,150
2023.0,250,150
2024.0,250,150
2025.0,250,150
2026.0,250,150
2027.0,250,150
2028.0,250,150
2029.0,250,150
2030.0,250,150
2031.0,250,150
2032.0,250,150
2033.0,250,150
2034.0,250,150
2035.0,250,150
2036.0,250,150
2037.0,250,150
2038.0,250,150
2039.0,250,150
2040.0,250,150
2041.0,250,150
2042.0,250,150
2043.0,250,150
2044.0,250,150
2045.0,250,150
2046.0,250,150
2047.0,250,150
2048.0,250,150
2049.0,250,150
2050.0,250,150
2051.0,250,150
2052.0,250,150
2053.0,250,150
2054.0,250,150
2055.0,250,150
2056.0,250,150
2057.0,250,150
2058.0,250,150
2059.0,250,150
2060.0,250,150
2061.0,250,150
2062.0,250,150
2063.0,250,150
2064.0,250,150
2065.0,250,150
2066.0,250,150
2067.0,250,150
2068.0,250,150
2069.0,250,150
2070.0,250,150
2071.0,250,150
2072.0,250,150
2073.0,250,150
2074.0,250,150
2075.0,250,150
2076.0,250,150
2077.0,250,150
2078.0,250,150
2079.0,250,150
2080.0,250,150
2081.0,250,150
2082.0,250,150
2083.0,250,150
2084.0,250,150
2085.0,250,150
2086.0,250,150
2087.0,250,150
2088.0,250,150
2089.0,250,150
2090.0,250,150
2091.0,250,150
2092.0,250,150
2093.0,250,150
2094.0,250,150
2095.0,250,150
2096.0,250,150
2097.0,250,150
2098.0,250,150
2099.0,250,150
2100.0,250,150
2101.0,250,150
2102.0,250,150
2103.0,250,150
2104.0,250,150
2105.0,250,150
2106.0,250,150
2107.0,250,150
2108.0,250,150
2109.0,250,150
2110.0,250,150
2111.0,250,150
2112.0,250,150
2113.0,250,150
2114.0,250,150
2115.0,250,150
2116.0,250,150
2117.0,250,150
2118.0,250,150
2119.0,250,150
2120.0,250,150
2121.0,250,150
2122.0,250,150
2123.0,250,150
2124.0,250,150
2125.0,250,150
2126.0,250,150
2127.0,250,150
2128.0,250,150
2129.0,250,150
2130.0,250,150
2131.0,250,150
2132.0,250,150
2133.0,250,150
2134.0,250,150
2135.0,250,150
2136.0,250,150
2137.0,250,150
2138.0,250,150
2139.0,250,150
2140.0,250,150
2141.0,250,150
2142.0,250,150
2143.0,250,150
2144.0,250,150
2145.0,250,150
2146.0,250,150
2147.0,250,150
2148.0,250,150
2149.0,250,150
2150.0,250,150
2151.0,250,150
2152.0,250,150
2153.0,250,150
2154.0,250,150
2155.0,250,150
2156.0,250,150
2157.0,250,150
2158.0,250,150
2159.0,250,150
2160.0,250,150
2161.0,250,150
2162.0,250,150
2163.0,250,150
2164.0,250,150
2165.0,250,150
2166.0,250,150
2167.0,250,150
2168.0,250,150
2169.0,250,150
2170.0,250,150
2171.0,250,150
2172.0,250,150
2173.0,250,150
2174.0,250,150
2175.0,250,150
2176.0,250,150
2177.0,250,150
2178.0,250,150
2179.0,250,150
2180.0,250,150
2181.0,250,150
2182.0,250,150
2183.0,250,150
2184.0,250,150
2185.0,250,150
2186.0,250,150
2187.0,250,150
2188.0,250,150
2189.0,250,150
2190.0,250,150
2191.0,250,150
2192.0,250,150
2193.0,250,150
2194.0,250,150
2195.0,250,150
2196.0,250,150
2197.0,250,150
2198.0,250,150
2199.0,250,150
2200.0,250,150
2201.0,250,150
2202.0,250,150
2203.0,250,150
2204.0,250,150
2205.0,250,150
2206.0,250,150
2207.0,250,150
2208.0,250,150
2209.0,250,150
2210.0,250,150
2211.0,250,150
2212.0,250,150
2213.0,250,150
2214.0,250,150
2215.0,250,150
2216.0,250,150
2217.0,250,150
2218.0,250,150
2219.0,250,150
2220.0,250,150
2221.0,250,150
2222.0,250,150
2223.0,250,150
2224.0,250,150
2225.0,250,150
2226.0,250,150
2227.0,250,150
2228.0,250,150
2229.0,250,150
2230.0,250,150
2231.0,250,150
2232.0,250,150
2233.0,250,150
2234.0,250,150
2235.0,250,150
2236.0,250,150
2237.0,250,150
2238.0,250,150
2239.0,250,150
2240.0,250,150
2241.0,250,150
2242.0,250,150
2243.0,250,150
2244.0,250,150
2245.0,250,150
2246.0,250,150
2247.0,250,150
2248.0,250,150
2249.0,250,150
2250.0,250,150
2251.0,250,150
2252.0,250,150
2253.0,250,150
2254.0,250,150
2255.0,250,150
2256.0,250,150
2257.0,250,150
2258.0,250,150
2259.0,250,150
2260.0,250,150
2261.0,250,150
2262.0,250,150
2263.0,250,150
2264.0,250,150
2265.0,250,150
2266.0,250,150
2267.0,250,150
2268.0,250,150
2269.0,250,150
2270.0,250,150
2271.0,250,150
2272.0,250,150
2273.0,250,150
2274.0,250,150
2275.0,250,150
2276.0,250,150
2277.0,250,150
2278.0,250,150
2279.0,250,150
2280.0,250,150
2281.0,250,150
2282.0,250,150
2283.0,250,150
2284.0,250,150
2285.0,250,150
2286.0,250,150
2287.0,250,150
2288.0,250,150
2289.0,250,150
2290.0,250,150
2291.0,250,150
2292.0,250,150
2293.0,250,150
2294.0,250,150
2295.0,250,150
2296.0,250,150
2297.0,250,150
2298.0,250,150
2299.0,250,150
2300.0,250,150
2301.0,250,150
2302.0,250,150
2303.0,250,150
2304.0,250,150
2305.0,250,150
2306.0,250,150
2307.0,250,150
2308.0,250,150
2309.0,250,150
2310.0,250,150
2311.0,250,150
2312.0,250,150
2313.0,250,150
2314.0,250,150
2315.0,250,150
2316.0,250,150
2317.0,250,150
2318.0,250,150
2319.0,250,150
2320.0,250,150
2321.0,250,150
2322.0,250,150
2323.0,250,150
2324.0,250,150
2325.0,250,150
2326.0,250,150
2327.0,250,150
2328.0,250,150
2329.0,250,150
2330.0,250,150
2331.0,250,150
2332.0,250,150
2333.0,250,150
2334.0,250,150
2335.0,250,150
2336.0,250,150
2337.0,250,150
2338.0,250,150
2339.0,250,150
2340.0,250,150
2341.0,250,150
2342.0,250,150
2343.0,250,150
2344.0,250,150
2345.0,250,150
2346.0,250,150
2347.0,250,150
2348.0,250,150
2349.0,250,150
2350.0,250,150
2351.0,250,150
2352.0,250,150
2353.0,250,150
2354.0,250,150
2355.0,250,150
2356.0,250,150
2357.0,250,150
2358.0,250,150
2359.0,250,150
2360.0,250,150
2361.0,250,150
2362.0,250,150
2363.0,250,150
2364.0,250,150
2365.0,250,150
2366.0,250,150
2367.0,250,150
2368.0,250,150
2369.0,250,150
2370.0,250,150
2371.0,250,150
2372.0,250,150
2373.0,250,150
2374.0,250,150
2375.0,250,150
2376.0,250,150
2377.0,250,150
2378.0,250,150
2379.0,250,150
2380.0,250,150
2381.0,250,150
2382.0,250,150
2383.0,250,150
2384.0,250,150
2385.0,250,150
2386.0,250,150
2387.0,250,150
2388.0,250,150
2389.0,250,150
2390.0,250,150
2391.0,250,150
2392.0,250,150
2393.0,250,150
2394.0,250,150
2395.0,250,150
2396.0,250,150
2397.0,250,150
2398.0,250,150
2399.0,250,150
2400.0,250,150
2401.0,250,150
2402.0,250,150
2403.0,250,150
2404.0,250,150
2405.0,250,150
2406.0,250,150
2407.0,250,150
2408.0,250,150
2409.0,250,150
2410.0,250,150
2411.0,250,150
2412.0,250,150
2413.0,250,150
2414.0,250,150
2415.0,250,150
2416.0,250,150
2417.0,250,150
2418.0,250,150
2419.0,250,150
2420.0,250,150
2421.0,250,150
2422.0,250,150
2423.0,250,150
2424.0,250,150
2425.0,250,150
2426.0,250,150
2427.0,250,150
2428.0,250,150
2429.0,250,150
2430.0,250,150
2431.0,250,150
2432.0,250,150
2433.0,250,150
2434.0,250,150
2435.0,250,150
2436.0,250,150
2437.0,250,150
2438.0,250,150
2439.0,250,150
2440.0,250,150
2441.0,250,150
2442.0,250,150
2443.0,250,150
2444.0,250,150
2445.0,250,150
2446.0,250,150
2447.0,250,150
2448.0,250,150
2449.0,250,150
2450.0,250,150
2451.0,250,150
2452.0,250,150
2453.0,250,150
2454.0,250,150
2455.0,250,150
2456.0,250,150
2457.0,250,150
2458.0,250,150
2459.0,250,150
2460.0,250,150
2461.0,250,150
2462.0,250,150
2463.0,250,150
2464.0,250,150
2465.0,250,150
2466.0,250,150
2467.0,250,150
2468.0,250,150
2469.0,250,150
2470.0,250,150
2471.0,250,150
2472.0,250,150
2473.0,250,150
2474.0,250,150
2475.0,250,150
2476.0,250,150
2477.0,250,150
2478.0,250,150
2479.0,250,150
2480.0,250,150
2481.0,250,150
2482.0,250,150
2483.0,250,150
2484.0,250,150
2485.0,250,150
2486.0,250,150
2487.0,250,150
2488.0,250,150
2489.0,250,150
2490.0,250,150
2491.0,250,150
2492.0,250,150
2493.0,250,150
2494.0,250,150
2495.0,250,150
2496.0,250,150
2497.0,250,150
2498.0,250,150
2499.0,250,150
2500.0,250,150
2501.0,250,150
2502.0,250,150
2503.0,250,150
2504.0,250,150
2505.0,250,150
2506.0,250,150
2507.0,250,150
2508.0,250,150
2509.0,250,150
2510.0,250,150
2511.0,250,150
2512.0,250,150
2513.0,250,150
2514.0,250,150
2515.0,250,150
2516.0,250,150
2517.0,250,150
2518.0,250,150
2519.0,250,150
2520.0,250,150
2521.0,250,150
2522.0,250,150
2523.0,250,150
2524.0,250,150
2525.0,250,150
2526.0,250,150
2527.0,250,150
2528.0,250,150
2529.0,250,150
2530.0,250,150
2531.0,250,150
2532.0,250,150
2533.0,250,150
2534.0,250,150
2535.0,250,150
2536.0,250,150
2537.0,250,150
2538.0,250,150
2539.0,250,150
2540.0,250,150
2541.0,250,150
2542.0,250,150
2543.0,250,150
2544.0,250,150
2545.0,250,150
2546.0,250,150
2547.0,250,150
2548.0,250,150
2549.0,250,150
2550.0,250,150
2551.0,250,150
2552.0,250,150
2553.0,250,150
2554.0,250,150
2555.0,250,150
2556.0,250,150
2557.0,250,150
2558.0,250,150
2559.0,250,150
2560.0,250,150
2561.0,250,150
2562.0,250,150
2563.0,250,150
2564.0,250,150
2565.0,250,150
2566.0,250,150
2567.0,250,150
2568.0,250,150
2569.0,250,150
2570.0,250,150
2571.0,250,150
2572.0,250,150
2573.0,250,150
2574.0,250,150
2575.0,250,150
2576.0,250,150
2577.0,250,150
2578.0,250,150
2579.0,250,150
2580.0,250,150
2581.0,250,150
2582.0,250,150
2583.0,250,150
2584.0,250,150
2585.0,250,150
2586.0,250,150
2587.0,250,150
2588.0,250,150
2589.0,250,150
2590.0,250,150
2591.0,250,150
2592.0,250,150
2593.0,250,150
2594.0,250,150
2595.0,250,150
2596.0,250,150
2597.0,250,150
2598.0,250,150
2599.0,250,150
2600.0,250,150
2601.0,250,150
2602.0,250,150
2603.0,250,150
2604.0,250,150
2605.0,250,150
2606.0,250,150
2607.0,250,150
2608.0,250,150
2609.0,250,150
2610.0,250,150
2611.0,250,150
2612.0,250,150
2613.0,250,150
2614.0,250,150
2615.0,250,150
2616.0,250,150
2617.0,250,150
2618.0,250,150
2619.0,250,150
2620.0,250,150
2621.0,250,150
2622.0,250,150
2623.0,250,150
2624.0,250,150
2625.0,250,150
2626.0,250,150
2627.0,250,150
2628.0,250,150
2629.0,250,150
2630.0,250,150
2631.0,250,150
2632.0,250,150
2633.0,250,150
2634.0,250,150
2635.0,250,150
2636.0,250,150
2637.0,250,150
2638.0,250,150
2639.0,250,150
2640.0,250,150
2641.0,250,150
2642.0,250,150
2643.0,250,150
2644.0,250,150
2645.0,250,150
2646.0,250,150
2647.0,250,150
2648.0,250,150
2649.0,250,150
2650.0,250,150
2651.0,250,150
2652.0,250,150
2653.0,250,150
2654.0,250,150
2655.0,250,150
2656.0,250,150
2657.0,250,150
2658.0,250,150
2659.0,250,150
2660.0,250,150
2661.0,250,150
2662.0,250,150
2663.0,250,150
2664.0,250,150
2665.0,250,150
2666.0,250,150
2667.0,250,150
2668.0,250,150
2669.0,250,150
2670.0,250,150
2671.0,250,150
2672.0,250,150
2673.0,250,150
2674.0,250,150
2675.0,250,150
2676.0,250,150
2677.0,250,150
2678.0,250,150
2679.0,250,150
2680.0,250,150
2681.0,250,150
2682.0,250,150
2683.0,250,150
2684.0,250,150
2685.0,250,150
2686.0,250,150
2687.0,250,150
2688.0,250,150
2689.0,250,150
2690.0,250,150
2691.0,250,150
2692.0,250,150
2693.0,250,150
2694.0,250,150
2695.0,250,150
2696.0,250,150
2697.0,250,150
2698.0,250,150
2699.0,250,150
2700.0,250,150
2701.0,250,150
2702.0,250,150
2703.0,250,150
2704.0,250,150
2705.0,250,150
2706.0,250,150
2707.0,250,150
2708.0,250,150
2709.0,250,150
2710.0,250,150
2711.0,250,150
2712.0,250,150
2713.0,250,150
2714.0,250,150
2715.0,250,150
2716.0,250,150
2717.0,250,150
2718.0,250,150
2719.0,250,150
2720.0,250,150
2721.0,250,150
2722.0,250,150
